1,1,606,9,19,606,19,606,19,607,19,608,19,609,19,610,18,610,17,610,16,610,16,610,17,610,17,609,17,609,18,609,18,608,18,607
1,1,606,9,24,606,24,605,24,605,24,606,24,607,24,608,24,609,24,610,24,610,24,609,24,608,24,607
1,1,606,9,44,606,44,605,44,604,44,603,44,602,45,602,46,602,47,602,47,603,47,604,47,605,47,606,47,606,46,606,46,607,46,608,46,609,46,609,45,609,44,609,44,608,44,607
1,1,606,9,49,606,49,605,49,605,50,605,51,604,52,603,52,602,52,602,53,602,54,602,55,602,55,602,55,603,55,604,55,605,55,606,55,607,55,607,54,607,54,608,54,609,53,609,52,609,51,609,50,609,49,609,48,609,48,609,49,608,49,607
1,1,606,9,95,606,95,605,95,604,95,603,95,602,96,602,96,603,96,604,96,605,96,606,96,607,96,608,96,609,95,609,95,608,95,607
1,1,606,9,130,606,130,605,130,605,131,605,132,605,133,605,134,605,135,605,136,605,137,605,138,605,139,605,140,605,140,606,139,607,139,608,139,609,138,609,137,609,136,609,135,609,134,609,133,609,132,609,131,609,130,609,129,609,128,609,128,609,129,609,129,608,129,608,130,608,130,607
1,1,606,9,131,606,131,605,130,605,130,606
1,1,606,9,132,606,132,605,131,605,131,606
1,1,606,9,133,606,133,605,132,605,132,606
1,1,606,9,134,606,134,605,133,605,133,606
1,1,606,9,135,606,135,605,134,605,134,606
1,1,606,9,136,606,136,605,135,605,135,606
1,1,606,9,137,606,137,605,136,605,136,606
1,1,606,9,138,606,138,605,137,605,137,606
1,1,606,9,139,606,139,605,138,605,138,606
1,1,607,9,258,607,258,606,258,605,258,604,258,603,259,603,260,603,260,603,260,604,261,604,261,604,261,605,262,606,263,606,264,606,264,607,264,608,265,609,265,610,264,610,263,610,262,610,261,610,261,610,261,609,260,609,259,610,258,610,258,609,258,608
1,1,607,9,277,607,277,606,277,606,278,606,278,606,278,607,278,608,278,609,278,610,277,610,277,609,277,608
1,1,607,9,300,607,300,606,300,605,300,604,300,603,301,603,301,604,301,605,301,606,301,607,301,608,301,609,301,610,300,610,300,609,300,608
1,1,607,9,330,607,330,606,330,605,330,604,330,603,331,603,331,604,331,605,331,606,331,607,331,608,331,609,331,610,330,610,330,609,330,608
1,1,607,9,404,607,404,606,404,605,404,604,404,603,404,603,404,604,404,605,404,606,404,607,404,608,404,609,404,610,404,610,404,609,404,608
1,1,607,9,447,607,447,606,447,605,447,604,447,603,447,603,447,604,447,605,447,606,447,607,447,608,447,609,447,610,447,610,447,609,447,608
1,1,607,9,478,607,478,606,478,606,479,606,479,606,479,607,479,608,479,609,479,610,478,610,478,609,478,608
1,1,607,9,601,607,601,606,601,606,601,607,601,608,601,609,601,610,601,610,601,609,601,608
1,1,607,9,723,607,723,606,723,606,724,606,724,606,724,607,724,608,724,609,724,610,723,610,723,609,723,608
1,1,607,9,746,607,746,606,746,605,746,604,746,603,746,603,746,604,747,605,747,606,747,607,747,608,746,609,746,610,746,610,746,609,746,608
1,1,607,9,776,607,776,606,776,605,776,604,776,603,777,603,777,604,777,605,777,606,777,607,777,608,777,609,777,610,776,610,776,609,776,608
1,1,607,9,797,607,797,606,797,606,798,606,799,606,800,606,801,606,802,606,803,606,804,606,805,605,806,604,806,603,806,603,807,603,807,603,807,604,807,605,807,606,807,607,807,608,807,609,807,610,807,610,806,610,805,610,804,610,803,610,802,610,801,610,800,610,799,610,798,610,797,610,796,610,795,610,795,610,796,610,796,609,796,609,797,609,797,608
1,1,606,9,836,606,836,605,836,604,836,603,836,603,837,603,837,603,837,604,837,605,837,606,837,607,837,608,837,609,837,610,837,610,836,610,836,610,836,609,836,608,836,607
1,1,606,9,866,606,866,605,866,604,866,603,866,603,867,603,867,603,867,604,867,605,867,606,867,607,867,608,867,609,867,610,867,610,866,610,866,610,866,609,866,608,866,607
1,1,606,9,896,606,896,605,896,604,896,603,896,603,897,603,897,603,897,604,897,605,897,606,897,607,897,608,897,609,897,610,897,610,896,610,896,610,896,609,896,608,896,607
1,1,606,9,926,606,926,605,926,604,926,603,926,602,927,602,927,603,927,604,927,605,927,606,927,607,927,608,927,609,926,609,926,608,926,607
1,1,606,9,956,606,956,605,956,604,956,603,956,602,957,602,957,603,957,604,957,605,957,606,957,607,957,608,957,609,956,609,956,608,956,607
1,1,606,9,979,606,979,605,979,605,980,606,980,607,980,608,980,609,979,609,979,608,979,607
1,3,615,9,15,615,15,614,15,613,15,612,15,612,16,612,17,612,18,612,18,612,17,613,17,614,17,614,16,614,16,615,16,616,16,617,16,618,16,619,16,619,15,619,14,619,13,619,13,619,13,618,13,618,14,618,14,617,14,616
1,3,615,9,24,615,24,614,24,613,24,612,24,612,24,613,24,614,25,614,25,614,25,615,25,616,25,617,25,617,24,617,24,618,24,619,24,619,24,618,24,617,24,616
1,3,615,9,40,615,40,614,40,614,41,614,42,614,43,614,44,613,44,612,44,612,45,612,46,612,47,612,48,612,49,612,50,612,51,612,52,612,52,613,52,614,52,615,51,615,50,615,50,616,50,616,49,616,48,617,48,618,48,619,47,619,46,619,45,619,44,619,43,619,42,619,41,619,40,619,39,619,38,619,38,619,39,618,40,617,40,616
1,3,616,9,95,616,95,615,95,614,95,613,95,612,96,612,96,613,96,614,96,615,96,616,96,617,96,618,96,619,95,619,95,618,95,617
1,3,616,9,127,616,127,615,127,614,127,613,127,612,128,612,129,612,130,612,131,612,132,612,133,612,134,612,135,612,136,612,137,612,138,612,139,612,139,612,138,613,138,614,139,615,139,616,139,617,139,618,139,619,140,619,140,619,139,619,138,619,137,619,136,619,135,619,134,619,133,619,132,619,131,619,130,619,129,619,128,619,127,619,127,618,127,617
1,3,616,9,171,616,171,615,171,614,172,613,173,612,174,612,175,612,176,612,177,612,178,612,179,612,180,612,181,612,182,612,183,612,183,612,183,613,183,614,183,615,183,616,182,617,181,618,181,619,181,619,180,619,179,619,178,619,177,619,176,619,175,619,174,619,173,619,172,619,171,619,171,618,171,617
1,3,616,9,204,616,204,615,204,615,205,615,206,615,207,615,208,615,209,615,210,615,211,615,212,615,213,615,214,615,214,616,214,617,214,618,214,619,214,619,213,619,212,619,211,619,210,619,209,619,208,619,207,619,206,619,205,619,204,619,203,619,203,619,204,618,204,617
1,3,616,9,258,616,258,615,258,614,258,613,258,612,259,612,259,613,259,614,259,615,259,616,259,617,259,618,259,619,258,619,258,618,258,617
1,3,616,9,265,616,265,615,265,614,265,613,264,613,264,613,264,612,263,612,263,612,264,612,265,612,266,612,266,613,266,614,267,614,267,614,267,615,267,616,267,617,268,618,269,618,269,617,269,616,269,615,269,615,270,615,271,615,272,615,273,615,274,615,275,615,276,615,277,614,277,613,277,612,278,612,278,613,278,614,279,615,279,616,279,617,279,618,279,619,280,619,281,619,281,619,280,619,279,619,278,619,277,619,276,619,275,619,274,619,273,619,272,619,271,619,270,619,269,619,268,619,267,619,266,619,265,619,265,618,265,617
1,3,616,9,300,616,300,615,300,614,300,613,300,612,301,612,301,613,301,614,301,615,301,616,301,617,301,618,301,619,300,619,300,618,300,617
1,3,616,9,321,616,321,615,321,615,322,615,323,615,324,615,325,615,326,615,327,615,328,615,329,615,330,615,330,614,330,613,330,612,330,612,331,612,331,612,331,613,331,614,331,615,331,616,331,617,331,618,331,619,331,619,330,619,329,619,328,619,327,619,326,619,325,619,324,619,323,619,322,619,321,619,320,619,320,619,321,618,321,617
1,3,616,9,349,616,349,615,349,615,350,615,350,614,350,613,351,612,352,612,353,612,354,612,355,612,356,612,357,612,358,612,359,612,360,612,361,612,361,612,361,613,361,614,361,615,361,616,361,617,361,617,360,617,360,618,360,618,359,618,359,619,359,619,358,619,357,619,356,619,355,619,354,619,353,619,352,619,351,619,350,619,349,619,349,618,349,617
1,3,616,9,403,616,403,615,403,614,404,613,404,612,404,612,404,613,404,614,405,614,405,614,405,615,405,616,405,617,405,617,404,617,404,618,404,619,403,619,403,619,404,619,404,618,403,617
1,3,616,9,446,616,446,615,446,614,447,613,447,612,447,612,447,613,447,614,448,614,448,614,448,615,448,616,448,617,448,617,447,617,447,618,447,619,447,619,447,618,446,618,446,618,446,617
1,3,616,9,478,616,478,615,478,614,478,613,478,612,479,612,479,613,479,614,479,615,479,616,479,617,479,618,479,619,478,619,478,618,478,617
1,3,616,9,600,616,600,615,600,614,601,613,601,612,601,612,601,613,601,614,602,614,602,614,602,615,602,616,602,617,602,617,601,617,601,618,601,619,601,619,601,618,600,617
1,3,616,9,723,616,723,615,723,614,723,613,723,612,724,612,724,613,724,614,724,615,724,616,724,617,724,618,724,619,723,619,723,618,723,617
1,3,616,9,746,616,746,615,746,614,746,613,746,612,746,612,746,613,746,614,746,615,746,616,746,617,746,618,746,619,746,619,746,618,746,617
1,3,616,9,776,616,776,615,776,614,776,613,776,612,777,612,777,613,777,614,777,615,777,616,777,617,777,618,777,619,776,619,776,618,776,617
1,3,616,9,795,616,795,615,795,614,795,613,795,612,796,612,797,612,798,612,799,612,800,612,801,612,802,612,803,612,804,612,805,612,806,612,807,612,807,612,807,613,807,614,807,615,807,616,807,617,807,618,807,619,807,619,806,619,805,619,804,619,803,619,802,619,801,619,800,619,799,619,798,619,797,619,796,619,796,619,796,618,796,618,797,618,797,617,796,616,795,616
1,3,616,9,836,616,836,615,836,614,836,613,836,612,837,612,837,613,837,614,837,615,837,616,837,617,837,618,837,619,836,619,836,618,836,617
1,3,616,9,855,616,855,615,855,614,856,613,857,612,858,612,859,612,860,612,861,612,862,612,863,612,864,612,865,612,866,612,867,612,867,612,867,613,867,614,867,615,867,616,867,617,867,618,867,619,867,619,866,619,865,619,864,619,863,619,862,619,861,619,860,619,859,619,858,619,857,619,856,618,855,617
1,3,616,9,887,616,887,615,887,615,888,615,889,615,890,615,891,615,892,615,893,615,894,615,895,615,896,615,896,614,896,613,896,612,896,612,897,612,897,612,897,613,897,614,897,615,897,616,897,617,897,618,897,619,897,619,896,619,895,619,894,619,893,619,892,619,891,619,890,619,889,619,888,619,887,619,886,619,886,619,886,618,886,618,887,618,887,617
1,3,615,9,926,615,926,614,926,613,926,612,926,611,927,611,927,612,927,613,927,614,927,615,927,616,927,617,927,618,926,618,926,617,926,616
1,3,615,9,956,615,956,614,956,613,956,612,956,612,957,612,957,612,957,613,957,614,957,615,957,616,957,617,957,618,957,619,957,619,956,619,955,619,954,619,953,619,952,619,951,619,951,619,952,619,953,619,954,619,955,619,956,619,956,618,956,617,956,616
1,3,615,9,979,615,979,614,979,613,979,612,979,611,980,611,980,612,980,613,980,614,980,615,980,616,980,617,980,618,979,618,979,617,979,616
1,5,625,9,13,625,13,624,13,623,13,622,13,622,14,622,15,622,16,622,16,622,16,623,16,624,16,625,17,625,17,625,17,626,17,627,17,628,17,629,16,629,15,629,14,629,13,629,13,629,13,628,13,627,13,626
1,5,625,9,24,625,24,624,24,623,24,622,24,622,25,623,25,624,25,625,25,626,24,627,24,628,24,629,24,629,24,628,24,627,24,626
1,5,625,9,35,625,35,624,35,623,36,622,37,621,38,621,39,621,40,621,41,621,42,621,43,621,44,621,45,621,46,621,47,621,48,621,48,622,48,623,49,623,49,623,49,624,50,624,51,624,52,624,53,624,54,624,55,624,55,625,55,626,55,627,55,628,56,628,56,628,55,628,54,628,53,628,52,628,51,628,50,628,49,628,48,628,47,628,46,628,45,628,44,628,43,628,42,628,42,628,43,627,43,626,42,625,41,625,40,626,39,627,39,628,39,628,38,628,37,628,36,628,35,628,34,628,34,628,34,627,34,627,35,627,35,626
1,5,625,9,86,625,86,624,86,624,87,624,88,624,89,624,90,624,91,624,92,624,93,624,94,624,95,624,95,623,95,622,95,621,95,621,96,621,96,621,96,622,96,623,96,624,96,625,96,626,96,627,96,628,96,628,95,628,94,628,93,628,92,628,91,628,90,628,89,628,88,628,87,628,86,628,85,628,84,628,84,628,85,628,85,627,85,627,86,627,86,626
1,5,625,9,127,625,127,624,127,623,127,622,127,621,128,621,129,621,130,621,131,621,132,621,133,621,134,621,135,621,136,621,137,621,138,621,139,621,139,621,138,622,138,623,138,624,138,625,138,625,137,625,136,625,135,625,134,625,133,625,132,625,131,625,130,625,129,625,128,626,128,627,128,628,127,628,127,627,127,626
1,5,625,9,171,625,171,624,171,623,171,622,171,621,172,621,173,621,174,621,175,621,176,621,177,621,178,621,179,621,180,621,181,621,182,621,183,621,183,621,183,622,183,623,183,624,183,625,183,626,183,626,182,626,182,627,182,627,181,627,181,628,181,628,180,628,179,628,178,628,177,628,176,628,175,628,174,628,173,628,172,628,171,628,171,627,171,626
1,5,625,9,202,625,202,624,202,623,202,622,202,621,203,621,204,621,205,621,206,621,207,621,208,621,209,621,210,621,211,621,212,621,213,621,214,621,214,621,214,622,214,622,213,622,213,623,214,624,214,625,214,626,214,627,214,628,214,628,213,628,212,628,211,628,210,628,209,628,208,628,207,628,206,628,205,628,204,628,203,628,202,628,202,627,202,626
1,5,625,9,246,625,246,624,246,624,247,624,247,623,247,623,248,623,248,622,248,622,249,622,249,621,249,621,250,621,251,621,252,621,253,621,254,621,255,621,256,621,257,621,258,621,259,621,259,622,259,623,259,624,259,625,259,626,259,627,259,628,258,628,257,628,256,628,255,628,254,628,253,628,252,628,251,628,250,628,249,628,248,628,247,628,247,628,247,627,246,627,246,627,246,626
1,5,625,9,265,625,265,624,264,624,264,625
1,5,625,9,266,625,266,624,265,624,265,625
1,5,625,9,277,625,277,624,277,623,277,622,277,621,278,621,279,621,280,621,281,621,281,621,280,621,279,621,278,622,278,623,278,624,278,625,278,626,278,627,278,628,277,628,277,627,277,626
1,5,625,9,289,625,289,624,289,624,290,624,290,623,290,622,291,622,292,622,293,622,294,622,295,622,296,622,297,622,298,622,299,622,300,622,301,622,301,623,301,624,301,625,301,626,301,627,301,628,301,629,300,629,299,629,298,629,297,629,296,629,295,629,294,629,293,629,292,629,291,629,290,629,289,628,289,627,289,626
1,5,625,9,319,625,319,624,319,623,319,622,319,621,320,621,321,621,322,621,323,621,324,621,325,621,326,621,327,621,328,621,329,621,330,621,331,621,331,621,331,622,331,623,331,624,331,625,331,626,331,627,331,628,331,628,330,628,329,628,328,628,327,628,326,628,325,628,324,628,323,628,322,628,321,628,320,628,320,628,321,627,322,626,322,625,321,625,320,625,319,625
1,5,625,9,349,625,349,624,349,623,349,622,349,621,350,621,351,622,352,622,352,621,352,621,353,621,354,621,355,621,356,621,357,621,358,621,359,621,360,621,361,622,361,623,361,624,361,625,361,626,361,626,360,626,360,627,360,627,359,627,359,628,359,628,358,628,357,628,356,628,355,628,354,628,353,628,352,628,351,628,350,628,349,628,349,627,349,626
1,5,625,9,392,625,392,624,392,624,393,624,393,623,393,623,394,623,394,622,394,622,395,622,395,621,395,621,396,621,397,621,398,621,399,621,400,621,401,621,402,621,403,621,404,621,404,621,404,622,405,623,405,624,405,625,405,626,404,627,404,628,404,628,403,628,402,628,401,628,400,628,399,628,398,628,397,628,396,628,395,628,394,628,393,628,393,628,393,627,392,627,392,627,392,626
1,5,626,9,446,626,446,625,446,624,446,623,446,623,447,623,447,622,447,622,447,623,447,624,447,625,447,626,447,627,447,628,447,629,446,629,445,629,444,629,443,629,442,629,441,629,441,629,442,629,443,629,444,629,445,629,446,628,446,627
1,5,625,9,478,625,478,624,478,623,478,622,478,622,479,622,479,622,479,623,479,624,479,625,479,626,479,627,479,628,479,629,479,629,478,629,478,629,478,628,478,627,478,626
1,5,625,9,490,625,490,624,490,624,491,624,492,624,493,624,494,624,494,625,494,626,494,627,494,628,494,628,493,628,492,628,491,628,490,628,489,628,489,628,490,627,490,626
1,5,625,9,498,625,498,624,498,624,499,624,500,624,501,624,502,624,503,624,503,624,503,625,503,626,503,627,503,628,502,628,501,628,500,628,499,628,499,628,499,627,498,627,498,627,498,626
1,5,625,9,511,625,511,624,511,624,512,624,513,624,514,624,515,624,516,624,516,624,516,625,516,626,516,627,516,627,515,627,514,627,513,627,512,628,511,628,510,628,509,628,509,628,510,628,510,627,510,627,511,627,511,626
1,5,624,9,530,624,530,623,530,622,531,622,532,622,533,622,534,622,535,622,536,622,537,622,538,622,539,621,540,621,541,621,542,621,543,621,544,621,545,621,546,621,547,621,548,621,549,621,550,621,551,621,552,621,553,621,554,621,555,621,556,621,557,621,558,621,559,621,560,621,561,621,562,621,563,621,564,621,565,621,566,621,567,621,568,621,569,621,570,621,571,621,572,621,573,621,574,621,575,621,576,621,577,621,577,621,577,622,578,622,579,622,580,622,581,622,582,622,583,622,584,622,584,622,584,623,584,624,584,625,584,625,583,625,582,625,581,625,580,625,579,625,578,625,577,625,576,625,575,625,574,625,573,625,572,625,571,625,570,625,569,625,568,625,567,625,566,625,565,625,564,625,563,625,562,625,561,625,560,625,559,625,558,625,557,625,556,625,555,625,554,625,553,625,552,625,551,625,550,625,549,625,548,625,547,625,546,625,545,625,544,625,543,625,542,625,541,625,540,625,539,625,538,625,537,625,536,625,535,625,534,625,533,625,532,625,531,625,530,625
1,5,625,9,598,625,598,624,598,624,599,624,600,623,601,622,601,622,601,623,602,624,603,624,604,624,604,625,604,626,604,627,604,628,605,628,606,628,606,629,606,629,606,628,605,628,604,628,603,628,602,628,601,628,601,629,601,629,600,629,600,629,600,628,599,627,598,627,598,627,598,626
1,5,625,9,612,625,612,624,612,624,613,624,614,624,615,624,616,624,617,624,617,624,617,625,617,626,617,627,617,627,616,627,616,628,616,629,615,629,614,629,613,629,612,629,612,629,612,628,612,627,612,626
1,5,625,9,621,625,621,624,621,624,622,624,623,624,624,624,625,624,625,625,625,626,625,627,625,628,626,628,626,628,626,629,626,629,625,629,624,629,623,629,622,629,621,628,621,627,621,626
1,5,625,9,723,625,723,624,723,623,723,622,723,621,724,621,724,622,724,623,724,624,724,625,724,626,724,627,724,628,723,628,723,627,723,626
1,5,625,9,737,625,737,624,737,624,738,624,739,624,740,624,741,624,742,624,743,624,744,624,745,624,746,624,746,623,746,622,746,621,746,621,746,622,746,623,746,624,746,625,746,626,746,627,746,628,745,628,744,628,743,628,742,628,741,628,740,628,739,628,738,628,737,628,736,628,735,628,735,628,736,628,736,627,736,627,737,627,737,626
1,5,625,9,776,625,776,624,776,623,776,622,776,621,777,621,777,622,777,623,777,624,777,625,777,626,777,627,777,628,776,628,776,627,776,626
1,5,625,9,795,625,795,624,795,623,795,622,795,621,796,621,797,621,798,621,799,621,800,621,801,621,802,621,803,621,804,621,805,621,806,621,807,621,807,621,806,622,806,623,806,624,806,625,806,625,805,625,804,625,803,625,802,625,801,625,800,625,799,625,798,625,797,625,796,625,795,625
1,5,625,9,836,625,836,624,836,623,836,622,836,621,837,621,837,622,837,623,837,624,837,625,837,626,837,627,837,628,836,628,836,627,836,626
1,5,625,9,855,625,855,624,855,624,856,624,856,623,856,622,857,622,858,622,858,621,858,621,859,621,860,621,861,621,862,621,863,621,864,621,865,621,866,621,867,621,867,621,867,622,867,623,867,624,867,625,866,626,865,627,864,628,863,628,862,628,861,628,860,628,859,628,858,628,857,628,856,628,856,628,856,627,855,627,855,627,855,626
1,5,625,9,885,625,885,624,885,623,885,622,885,621,886,621,887,621,888,621,889,621,890,621,891,621,892,621,893,621,894,621,895,621,896,621,897,621,897,621,896,622,896,623,896,624,896,625,896,625,895,625,894,625,893,625,892,625,891,625,890,625,889,625,888,625,887,625,886,625,885,625
1,5,625,9,917,625,917,624,917,624,918,624,919,624,920,624,921,624,922,624,923,624,924,624,925,624,926,624,926,623,926,622,926,621,926,621,927,621,927,621,927,622,927,623,927,624,927,625,927,626,927,627,927,628,927,628,926,628,925,628,924,628,923,628,922,628,921,628,920,628,919,628,918,628,917,628,916,628,916,628,916,627,916,627,917,627,917,626
1,5,625,9,945,625,945,624,945,623,946,622,947,621,948,621,949,621,950,621,951,621,952,621,953,621,954,621,955,621,956,621,957,621,957,621,957,622,957,623,957,624,957,625,956,626,955,627,954,627,953,627,953,628,953,628,952,628,951,628,950,628,949,628,948,628,947,628,946,628,946,628,946,627,945,627,945,627,945,626
1,5,624,9,979,624,979,623,979,622,979,621,979,621,980,621,980,621,980,622,980,623,980,624,980,625,980,626,980,627,980,628,980,628,979,628,979,628,979,627,979,626,979,625
1,7,634,9,14,634,14,633,13,632,13,631,14,631,15,631,16,631,17,631,17,631,17,632,18,632,18,632,18,633,18,634,18,635,18,636,18,637,19,637,19,637,19,638,19,638,18,638,17,638,16,638,15,638,15,637,15,636,14,636,14,636,14,635
1,7,634,9,23,634,23,633,23,632,23,631,23,631,24,631,24,631,24,632,25,632,25,632,25,633,25,634,25,635,25,635,24,635,24,636,24,637,24,638,24,638,24,637,24,636,23,635
1,7,634,9,35,634,35,633,35,632,35,631,34,630,34,630,35,630,36,630,37,630,38,630,39,630,39,630,39,631,39,632,39,633,39,634,39,635,39,636,39,637,40,637,40,637,39,637,38,637,37,637,36,636,35,635
1,7,634,9,41,634,41,633,41,632,41,631,41,630,42,630,43,630,44,630,45,630,46,630,47,630,48,630,49,630,50,630,50,630,49,630,49,631,50,632,50,633,50,634,50,635,50,636,50,637,49,637,48,636,48,635,48,634,47,634,46,634,45,634,45,635,45,636,45,637,45,637,44,637,44,637,44,636,43,636,43,636,43,635,42,635,42,635,42,634,41,634
1,7,634,9,53,634,53,633,53,632,53,631,52,630,52,630,53,630,54,630,55,630,56,630,57,630,57,630,57,631,58,632,58,633,58,634,58,635,57,636,57,637,57,637,56,637,55,637,54,637,54,637,55,636,55,635,54,635,54,635,54,634,53,634
1,7,634,9,83,634,83,633,83,632,83,631,83,630,84,630,85,630,86,630,87,630,88,630,89,630,90,630,91,630,92,630,93,630,94,630,95,630,96,630,96,631,96,632,96,633,96,634,96,635,96,636,96,637,95,637,94,637,93,637,92,637,91,637,90,637,89,637,88,637,87,637,86,637,85,637,84,637,84,637,85,636,86,635,86,634,85,634,84,634,83,634
1,7,634,9,127,634,127,633,127,632,127,631,127,630,128,630,128,631,128,632,128,633,128,634,128,635,128,636,128,637,127,637,127,636,127,635
1,7,634,9,171,634,171,633,171,632,171,631,171,630,172,630,172,631,172,632,172,633,172,634,172,635,172,636,172,637,171,637,171,636,171,635
1,7,634,9,178,634,178,633,178,633,179,633,179,632,179,631,179,630,179,630,180,630,180,630,180,631,181,631,181,631,181,632,181,633,181,634,181,634,180,634,180,635,180,636,180,637,180,637,179,637,178,637,178,636,178,635
1,7,634,9,202,634,202,633,202,632,202,631,202,630,203,630,204,630,205,630,206,630,207,630,208,630,209,630,210,630,211,630,212,630,213,630,214,630,214,630,214,631,214,631,213,631,213,632,213,633,213,634,213,634,212,634,211,634,210,634,209,634,208,634,207,634,206,634,205,634,204,634,203,635,203,636,203,637,202,637,202,636,202,635
1,7,634,9,246,634,246,633,246,633,247,633,247,632,247,632,248,632,248,631,248,631,249,631,249,630,249,630,250,630,251,630,252,630,253,630,254,630,255,630,256,630,257,630,258,630,259,630,259,631,259,632,259,633,259,634,259,634,258,634,258,635,258,635,257,635,257,636,257,636,256,636,256,637,256,637,255,637,254,637,253,637,252,637,251,637,250,637,249,637,248,637,247,637,247,637,247,636,246,636,246,636,246,635
1,7,634,9,277,634,277,633,277,632,277,631,277,630,278,630,278,631,278,632,278,633,278,634,278,635,278,636,278,637,277,637,277,636,277,635
1,7,634,9,289,634,289,633,289,632,290,631,291,630,292,630,293,630,294,630,295,630,296,630,297,630,298,630,299,630,300,630,301,630,301,630,301,631,301,632,301,633,301,634,301,635,301,635,300,635,300,636,300,636,299,636,298,637,297,637,296,637,295,637,294,637,293,637,292,637,291,637,290,637,289,637,289,636,289,635
1,7,634,9,319,634,319,633,319,632,319,631,319,631,320,631,321,631,322,631,323,631,324,631,325,631,326,631,327,631,328,631,329,631,330,631,331,631,331,631,330,631,330,632,330,633,330,634,330,634,329,634,328,634,327,634,326,634,325,634,324,634,323,634,322,634,321,634,320,634,319,634
1,7,634,9,349,634,349,633,349,632,349,631,349,630,350,630,350,631,350,632,350,633,350,634,350,635,350,636,350,637,349,637,349,636,349,635
1,7,634,9,392,634,392,633,392,633,393,633,393,632,393,632,394,632,394,631,394,631,395,631,395,630,395,630,396,630,397,630,398,630,399,630,400,630,401,630,402,630,403,630,404,630,404,630,404,631,404,632,404,633,404,634,404,635,404,635,403,635,403,636,403,636,402,636,402,637,402,637,401,637,400,637,399,637,398,637,397,637,396,637,395,637,394,637,393,637,393,637,393,636,392,636,392,636,392,635
1,7,634,9,435,634,435,633,435,633,436,633,436,632,436,632,437,632,437,631,437,631,438,631,439,631,440,631,441,631,442,631,443,631,444,631,445,631,446,631,447,631,448,632,448,633,448,634,448,635,447,636,447,637,447,638,446,638,445,637,444,637,443,638,442,638,441,638,440,638,439,638,438,638,437,638,437,638,437,637,436,637,436,637,436,636,435,636,435,636,435,635
1,7,635,9,478,635,478,634,478,633,478,632,478,631,479,631,479,632,479,633,479,634,479,635,479,636,479,637,479,638,478,638,478,637,478,636
1,7,634,9,490,634,490,633,490,632,490,631,489,631,489,631,489,630,489,630,490,630,491,630,492,630,493,630,494,631,494,632,494,633,494,634,494,635,494,635,493,634,492,634,491,634,490,634
1,7,634,9,499,634,499,633,499,632,499,631,499,630,500,630,501,630,502,630,503,630,503,630,503,631,503,632,503,633,504,633,504,633,504,634,504,634,503,634,503,635,503,635,502,634,501,634,500,635,499,635
1,7,634,9,600,634,600,633,600,632,600,631,600,630,601,630,601,631,601,632,601,633,601,634,601,635,601,636,601,637,600,637,600,636,600,635
1,7,634,9,612,634,612,633,612,632,612,631,612,631,613,631,614,631,615,631,616,631,617,631,617,631,617,632,617,633,617,634,617,634,616,634,615,634,614,634,613,635,612,635
1,7,634,9,621,634,621,633,621,632,621,631,621,631,622,631,623,631,624,631,625,631,626,631,626,631,625,632,625,633,625,634,624,634,623,634,622,634,621,634
1,7,634,9,723,634,723,633,723,632,723,631,723,630,724,630,724,631,724,632,724,633,724,634,724,635,724,636,724,637,723,637,723,636,723,635
1,7,634,9,734,634,734,633,734,632,734,631,734,630,735,630,736,630,737,630,738,630,739,630,740,630,741,630,742,630,743,630,744,630,745,630,746,630,746,630,746,631,746,631,745,631,745,632,745,633,745,634,745,634,744,634,743,634,742,634,741,634,740,634,739,634,738,634,737,634,736,634,735,634,734,634
1,7,634,9,767,634,767,633,767,633,768,633,769,633,770,633,771,633,772,633,773,633,774,633,775,633,776,633,776,632,776,631,776,630,776,630,777,630,777,630,777,631,777,632,777,633,777,634,777,635,777,636,777,637,777,637,776,637,775,637,774,637,773,637,772,637,771,637,770,637,769,637,768,637,767,637,766,637,766,637,767,636,767,635
1,7,634,9,827,634,828,634,829,634,830,633,831,633,832,633,833,633,834,633,835,633,836,633,836,632,836,631,837,631,837,632,837,633,837,634,837,635,837,636,837,637,837,638,836,638,835,638,834,638,833,638,832,638,831,638,830,638,829,638,828,638,827,638,826,638,825,638,825,638,826,637,827,636,827,635
1,7,634,9,915,634,915,633,915,632,915,631,915,630,916,630,917,630,918,630,919,630,920,630,921,630,922,630,923,630,924,630,925,630,926,630,927,630,927,630,926,631,926,632,926,633,926,634,926,634,925,634,924,634,923,634,922,634,921,634,920,634,919,634,918,634,917,634,916,634,915,634
1,7,634,9,979,634,979,633,979,632,979,631,979,630,980,630,980,631,980,632,980,633,980,634,980,635,980,636,980,637,979,637,979,636,979,635
1,9,643,9,15,643,15,642,15,641,15,640,15,640,16,640,17,640,18,640,19,640,19,641,19,642,20,642,20,642,20,643,20,644,20,645,20,646,20,647,20,647,19,647,18,647,17,647,16,647,16,646,16,645,15,644
1,9,643,9,24,643,24,642,24,641,24,640,24,640,24,641,24,642,24,643,24,644,24,645,24,646,24,647,24,647,24,646,24,645,24,644
1,9,643,9,39,643,39,642,39,641,39,640,38,639,38,639,39,639,40,639,41,639,42,639,43,640,43,641,43,642,43,643,42,643,41,643,40,643,39,643
1,9,643,9,49,643,49,642,49,641,49,640,49,639,50,639,51,639,52,639,53,639,54,639,55,639,56,639,56,639,55,639,55,640,55,641,55,642,55,643,54,643,53,643,52,644,52,645,52,646,51,646,50,646,50,646,50,645,50,644,50,643,49,643
1,9,643,9,83,643,83,642,83,641,83,640,83,639,84,639,85,639,86,639,87,639,88,639,89,639,90,639,91,639,92,639,93,639,94,639,95,639,96,639,96,639,95,639,95,640,95,640,94,640,94,641,94,642,94,643,94,643,93,643,92,643,91,643,90,643,89,643,88,643,87,643,86,643,85,643,84,643,83,643
1,9,643,9,127,643,127,642,127,641,127,640,127,639,128,639,128,640,128,641,128,642,128,643,128,644,128,645,128,646,127,646,127,645,127,644
1,9,643,9,171,643,171,642,171,641,171,640,171,639,172,639,173,640,174,640,175,640,176,640,176,639,176,639,177,639,178,639,179,639,179,639,178,640,178,641,178,642,178,643,178,643,177,643,176,644,175,645,174,646,173,646,172,646,171,646,171,645,171,644
1,9,643,9,202,643,202,642,202,641,202,640,202,640,203,640,203,640,203,641,203,642,203,643,203,644,203,645,203,646,203,647,203,647,202,647,202,647,202,646,202,645,202,644
1,9,644,9,270,644,270,643,270,643,271,643,272,643,273,643,274,643,275,643,276,642,276,641,275,641,274,641,273,641,272,641,271,641,270,641,269,640,268,640,267,640,267,640,268,640,269,640,270,640,271,640,272,640,273,640,274,640,275,640,276,640,277,640,278,640,279,640,279,640,278,640,278,641,278,642,278,643,278,644,278,645,278,646,278,647,278,647,277,647,277,647,277,646,277,645,277,644,276,644,275,644,274,644,273,644,272,644,271,644,270,644
1,9,643,9,349,643,349,642,349,641,349,640,349,640,350,640,350,640,350,641,350,642,350,643,350,644,350,645,350,646,350,647,350,647,349,647,349,647,349,646,349,645,349,644
1,9,644,9,437,644,437,643,437,643,438,643,439,643,440,643,441,643,442,643,443,643,444,643,445,643,446,643,446,642,446,641,446,640,446,640,447,640,447,640,447,641,448,642,448,643,448,644,448,645,447,646,447,647,447,647,446,647,445,647,444,647,443,647,442,647,441,647,440,647,439,647,438,647,437,647,436,647,436,647,437,646,437,645
1,9,644,9,478,644,478,643,478,642,478,641,478,640,479,640,479,641,479,642,479,643,479,644,479,645,479,646,479,647,478,647,478,646,478,645
1,9,644,9,489,644,489,643,489,642,490,641,490,640,490,640,491,640,492,640,493,640,494,640,494,641,494,642,495,643,496,643,497,643,498,643,499,642,499,641,499,640,500,640,501,640,502,640,503,641,503,642,503,643,503,644,503,645,503,646,502,647,501,647,500,647,499,647,498,647,497,647,496,647,495,647,494,647,493,647,492,647,491,647,490,646,489,645
1,9,644,9,600,644,600,643,600,642,600,641,600,640,601,640,601,641,601,642,601,643,601,644,601,645,601,646,601,647,600,647,600,646,600,645
1,9,644,9,612,644,612,643,612,642,612,641,612,641,613,641,613,640,613,640,614,640,615,640,616,640,617,640,618,640,619,640,619,640,618,640,617,641,617,642,618,642,618,642,618,643,619,643,620,642,621,641,621,640,621,640,622,640,623,640,624,640,625,640,625,641,625,642,626,642,626,642,626,643,626,644,626,645,626,645,625,645,625,646,625,646,624,646,624,647,624,647,623,647,622,647,621,647,620,647,620,646,621,645,621,644,620,644,619,644,618,644,617,645,617,646,617,647,616,647,615,647,614,647,613,647,613,647,613,646,612,646,612,646,612,645
1,9,643,9,723,643,723,642,723,641,723,640,723,640,724,640,724,640,724,641,724,642,724,643,724,644,724,645,724,646,724,647,724,647,723,647,723,647,723,646,723,645,723,644
1,9,643,9,765,643,765,642,765,641,765,640,765,639,766,639,767,639,768,639,769,639,770,639,771,639,772,639,773,639,774,639,775,639,776,639,777,639,777,639,776,640,776,641,776,642,776,643,776,644,775,644,774,644,773,644,772,644,771,644,770,644,769,644,768,644,767,644,766,644,765,644
1,9,643,9,825,643,825,642,825,641,825,640,825,639,826,639,827,639,828,639,829,639,830,639,831,639,832,639,833,639,834,639,835,639,836,639,837,639,837,639,837,640,837,640,836,640,836,641,836,642,836,643,836,644,836,644,836,643,835,643,834,643,833,643,832,643,831,643,830,643,829,643,828,643,827,643,826,643,825,643
1,9,643,9,979,643,979,642,979,641,979,640,979,639,980,639,980,640,980,641,980,642,980,643,980,644,980,645,980,646,979,646,979,645,979,644
1,2,611,9,16,611,16,610,16,610,17,610,17,609,17,609,18,609,19,609,19,610,18,611,18,612,18,612,17,612,17,613,17,613,16,613,15,613,15,612
1,2,611,9,24,611,24,610,24,609,24,609,24,610,24,611,24,612,24,613,24,613,24,612
1,2,610,9,44,610,44,609,44,608,45,608,46,608,47,608,48,608,49,608,50,608,51,608,52,608,53,608,54,608,54,608,54,609,54,609,53,609,53,610,53,611,52,612,51,612,50,612,49,612,48,612,47,612,46,612,45,612,44,612,44,612,44,611
1,2,611,9,95,611,95,610,95,609,96,609,96,610,96,611,96,612,96,613,96,613,95,613,95,613,95,612
1,2,611,9,127,611,128,610,128,609,128,609,129,609,130,609,131,609,132,609,133,609,134,609,135,609,136,609,137,609,138,609,139,609,139,609,139,610,139,611,139,612,139,612,138,612,138,613,138,613,137,613,136,613,135,613,134,613,133,613,132,613,131,613,130,613,129,613,128,613,127,613,127,613,127,612
1,2,611,9,174,611,175,611,176,611,177,610,178,610,179,610,180,610,181,610,181,610,181,611,182,611,182,611,182,612,183,612,183,612,183,613,183,613,182,613,181,613,180,613,179,613,178,613,177,613,176,613,175,613,174,613,173,613,172,613,172,613,173,612
1,2,611,9,258,611,258,610,258,609,259,609,260,609,261,609,262,609,263,609,264,609,265,609,265,610,265,611,266,611,266,611,266,612,266,613,265,613,264,613,263,613,262,613,261,613,260,613,259,613,258,613,258,613,258,612
1,2,611,9,277,611,277,610,277,609,278,609,278,610,278,611,278,612,278,613,278,613,277,613,277,613,277,612
1,2,611,9,300,611,300,610,300,609,301,609,301,610,301,611,301,612,301,613,301,613,300,613,300,613,300,612
1,2,611,9,330,611,330,610,330,609,331,609,331,610,331,611,331,612,331,613,331,613,330,613,330,613,330,612
1,2,611,9,353,611,354,611,355,611,356,611,357,611,358,611,359,611,360,611,361,612,361,613,360,613,359,613,358,613,357,613,356,613,355,613,354,613,353,613,352,613,351,613,350,613,350,613,351,613,351,612,351,612,352,612
1,2,611,9,404,611,404,610,404,609,404,609,404,610,404,611,404,612,404,613,404,613,404,612
1,2,611,9,447,611,447,610,447,609,447,609,447,610,447,611,447,612,447,613,447,613,447,612
1,2,611,9,478,611,478,610,478,609,479,609,479,610,479,611,479,612,479,613,479,613,478,613,478,613,478,612
1,2,611,9,601,611,601,610,601,609,601,609,601,610,601,611,601,612,601,613,601,613,601,612
1,2,611,9,723,611,723,610,723,609,724,609,724,610,724,611,724,612,724,613,724,613,723,613,723,613,723,612
1,2,611,9,746,611,746,610,746,609,746,609,746,610,746,611,746,612,746,613,746,613,746,612
1,2,611,9,776,611,776,610,776,609,777,609,777,610,777,611,777,612,777,613,777,613,776,613,776,613,776,612
1,2,611,9,795,611,795,610,795,610,796,610,796,609,796,609,797,609,798,609,799,609,800,609,801,609,802,609,803,609,804,609,805,609,806,609,807,609,807,609,807,610,807,611,807,612,807,613,806,613,805,613,804,613,803,613,802,613,801,613,800,613,799,613,798,613,797,613,796,613,795,613,795,613,795,612
1,2,611,9,836,611,836,610,836,609,837,609,837,610,837,611,837,612,837,613,837,613,836,613,836,613,836,612
1,2,611,9,859,611,860,611,861,611,861,610,861,610,862,610,863,610,864,610,864,610,864,611,865,611,866,610,866,609,866,609,867,609,867,609,867,610,867,611,867,612,867,613,866,613,865,613,864,613,863,613,862,613,861,613,860,613,859,613,858,613,857,613,856,613,856,613,857,613,857,612,857,612,858,612
1,2,611,9,896,611,896,610,896,609,897,609,897,610,897,611,897,612,897,613,897,613,896,613,896,613,896,612
1,2,610,9,926,610,926,609,926,608,927,608,927,609,927,610,927,611,927,612,927,612,926,612,926,612,926,611
1,2,610,9,956,610,956,609,956,608,957,608,957,609,957,610,957,611,957,612,957,612,956,612,956,612,956,611
1,2,610,9,979,610,979,609,979,608,980,608,980,609,980,610,980,611,980,612,980,612,979,612,979,612,979,611
1,4,620,9,13,620,13,619,13,618,14,618,15,618,16,618,16,619,16,620,16,621,16,622,16,622,15,622,14,622,13,622,13,622,13,621
1,4,620,9,24,620,24,619,24,618,24,618,24,619,24,620,24,621,24,622,24,622,24,621
1,4,620,9,37,620,38,619,39,618,40,618,41,618,42,618,43,618,44,618,45,618,46,618,47,618,48,618,48,619,48,620,48,621,48,622,48,622,47,622,46,622,45,621,44,621,44,622,44,622,43,622,42,622,41,622,40,622,39,622,38,622,37,622,36,622,36,622,37,622,37,621
1,4,620,9,95,620,95,619,95,618,96,618,96,619,96,620,96,621,96,622,96,622,95,622,95,622,95,621
1,4,620,9,127,620,127,619,127,618,128,618,129,618,130,618,131,618,132,618,133,618,134,618,135,618,136,618,137,618,138,618,139,618,139,618,139,619,139,620,139,621,139,621,138,621,138,622,138,622,137,622,136,622,135,622,134,622,133,622,132,622,131,622,130,622,129,622,128,622,127,622,127,622,127,621
1,4,620,9,171,620,171,619,171,618,172,618,173,618,174,618,175,618,176,618,177,618,178,618,179,618,180,618,181,618,181,618,181,619,182,620,183,621,183,622,182,622,181,622,180,622,179,622,178,622,177,622,176,622,175,622,174,622,173,622,172,622,171,622,171,622,171,621
1,4,620,9,202,620,203,619,204,618,205,618,206,618,207,618,208,618,209,618,210,618,211,618,212,618,213,618,214,618,214,618,214,619,214,620,214,621,214,622,213,622,212,622,211,622,210,622,209,622,208,622,207,622,206,622,205,622,204,622,203,622,202,622,202,622,202,621
1,4,620,9,251,620,252,620,253,620,254,620,255,620,256,620,257,620,258,619,258,618,258,618,259,618,260,618,261,618,262,618,263,618,264,618,265,618,266,618,267,618,268,618,269,618,270,618,271,618,272,618,273,618,274,618,275,618,276,618,277,618,278,618,279,618,279,618,279,619,280,619,281,619,281,620,281,621,281,621,280,621,279,621,278,621,278,622,278,622,277,622,277,622,277,621,276,620,275,620,274,620,273,620,272,620,271,620,270,620,269,620,268,620,267,620,267,621,267,621,266,621,266,622,266,622,265,622,264,622,263,622,262,622,261,622,260,622,259,622,258,622,257,622,256,622,255,622,254,622,253,622,252,622,251,622,250,622,249,622,248,622,248,622,249,622,249,621,249,621,250,621
1,4,620,9,293,620,294,620,295,620,296,620,297,620,298,620,299,620,300,619,300,618,300,618,301,618,301,618,301,619,301,620,301,621,301,622,300,622,299,622,298,622,297,622,296,622,295,622,294,622,293,622,292,622,291,622,290,622,290,622,291,622,292,621
1,4,620,9,319,620,320,619,321,618,322,618,323,618,324,618,325,618,326,618,327,618,328,618,329,618,330,618,331,618,331,618,331,619,331,620,331,621,331,622,330,622,329,622,328,622,327,622,326,622,325,622,324,622,323,622,322,622,321,622,320,622,319,622,319,622,319,621
1,4,620,9,349,620,349,619,349,618,350,618,351,618,352,618,353,618,354,618,355,618,356,618,357,618,358,618,359,618,360,618,360,618,359,618,359,619,359,620,359,621,360,621,360,621,360,622,361,622,361,622,360,622,359,622,358,622,357,622,356,622,355,622,354,622,353,622,352,622,351,622,350,622,349,622,349,622,349,621
1,4,620,9,397,620,398,620,399,620,400,620,401,620,402,620,403,620,403,619,403,619,404,619,404,618,404,618,404,619,404,620,404,621,404,622,404,622,403,622,402,622,401,622,400,622,399,622,398,622,397,622,396,622,395,622,394,622,394,622,395,622,395,621,395,621,396,621
1,4,621,9,447,621,447,620,447,619,447,619,447,620,447,621,447,622,447,623,446,623,446,623,447,623,447,622
1,4,620,9,478,620,478,619,478,618,479,618,479,619,479,620,479,621,479,622,479,622,478,622,478,622,478,621
1,4,620,9,601,620,601,619,601,618,601,618,601,619,601,620,601,621,601,622,601,622,601,621
1,4,620,9,723,620,723,619,723,618,724,618,724,619,724,620,724,621,724,622,724,622,723,622,723,622,723,621
1,4,620,9,746,620,746,619,746,618,746,618,746,619,746,620,746,621,746,622,746,622,746,621
1,4,620,9,776,620,776,619,776,618,777,618,777,619,777,620,777,621,777,622,777,622,776,622,776,622,776,621
1,4,620,9,795,620,796,619,796,618,796,618,797,618,798,618,799,618,800,618,801,618,802,618,803,618,804,618,805,618,806,618,807,618,807,618,807,619,807,620,807,621,807,621,806,621,806,622,806,622,805,622,804,622,803,622,802,622,801,622,800,622,799,622,798,622,797,622,796,622,795,622,795,622,795,621
1,4,620,9,836,620,836,619,836,618,837,618,837,619,837,620,837,621,837,622,837,622,836,622,836,622,836,621
1,4,620,9,858,620,858,619,857,619,857,619,857,618,856,618,856,618,857,618,858,618,859,618,860,618,861,618,862,618,863,618,864,618,865,618,866,618,867,618,867,619,867,620,867,621,867,622,867,622,866,622,865,622,864,622,863,622,862,622,861,622,860,622,859,622,858,622,857,622,856,622,856,622,857,622,858,622,858,621
1,4,620,9,885,620,886,619,886,618,886,618,887,618,888,618,889,618,890,618,891,618,892,618,893,618,894,618,895,618,896,618,897,618,897,618,897,619,897,620,897,621,897,621,896,621,896,622,896,622,895,622,894,622,893,622,892,622,891,622,890,622,889,622,888,622,887,622,886,622,885,622,885,622,885,621
1,4,620,9,926,620,926,619,926,618,927,618,927,619,927,620,927,621,927,622,927,622,926,622,926,622,926,621
1,4,620,9,949,620,950,620,951,620,951,619,951,619,952,619,953,619,954,619,955,619,956,619,956,618,956,618,957,618,957,618,957,619,957,620,957,621,957,622,956,622,955,622,954,622,953,622,952,622,951,622,950,622,949,622,948,622,947,622,946,622,946,622,947,622,947,621,947,621,948,621
1,4,619,9,979,619,979,618,979,617,980,617,980,618,980,619,980,620,980,621,980,621,979,621,979,621,979,620
1,6,630,9,13,630,13,629,13,628,14,628,15,628,16,628,17,628,17,628,17,629,17,630,17,631,18,632,18,632,17,632,16,632,15,632,14,632,13,632,13,632,13,631
1,6,630,9,24,630,24,629,24,628,24,628,24,629,24,630,24,631,25,632,25,632,24,632,23,632,23,631
1,6,629,9,34,629,34,628,34,627,35,627,36,627,37,627,38,627,39,627,40,627,41,627,42,627,43,627,44,627,45,627,46,627,47,627,48,627,49,627,50,627,51,627,52,627,53,627,54,627,55,627,56,628,57,629,57,630,57,631,57,631,56,631,55,631,54,631,53,631,52,631,51,631,50,631,49,631,48,631,47,631,46,631,45,631,44,631,43,631,42,631,41,631,40,631,39,631,38,631,37,631,36,631,35,631,34,630
1,6,629,9,84,629,84,628,84,628,85,628,85,627,85,627,86,627,87,627,88,627,89,627,90,627,91,627,92,627,93,627,94,627,95,627,96,627,96,627,96,628,96,629,96,630,96,631,95,631,94,631,93,631,92,631,91,631,90,631,89,631,88,631,87,631,86,631,85,631,84,631,83,631,83,630
1,6,629,9,127,629,127,628,127,627,128,627,128,628,128,629,128,630,128,631,128,631,127,631,127,631,127,630
1,6,629,9,171,629,171,628,171,627,172,627,173,627,174,627,175,627,176,627,177,627,178,627,179,627,180,627,181,627,182,627,182,627,181,627,181,628,181,628,180,628,180,629,180,630,180,631,181,631,181,631,180,631,179,631,178,631,177,631,176,631,175,631,174,631,173,631,172,631,171,631,171,631,171,630
1,6,629,9,202,629,202,628,202,627,203,627,204,627,205,627,206,627,207,627,208,627,209,627,210,627,211,627,212,627,213,627,214,627,214,627,214,628,214,629,214,630,214,631,213,631,212,631,211,631,210,631,209,631,208,631,207,631,206,631,205,631,204,631,203,631,202,631,202,631,202,630
1,6,629,9,248,629,248,628,247,628,247,628,247,627,246,627,246,627,247,627,248,627,249,627,250,627,251,627,252,627,253,627,254,627,255,627,256,627,257,627,258,627,259,627,259,628,259,629,259,630,259,631,259,631,258,631,257,631,256,631,255,631,254,631,253,631,252,631,251,631,250,631,249,631,248,631,248,631,249,630,249,629,248,629
1,6,627,9,264,627,264,626,263,626,263,627
1,6,629,9,277,629,277,628,277,627,278,627,278,628,278,629,278,630,278,631,278,631,277,631,277,631,277,630
1,6,629,9,290,629,290,628,289,628,289,628,289,627,289,627,290,627,291,627,292,627,293,627,294,627,295,627,296,627,297,627,298,627,299,627,300,627,301,627,301,628,301,629,301,630,301,631,301,631,300,631,299,631,298,631,297,631,296,631,295,631,294,631,293,631,292,631,291,631,290,631,290,631,291,630,291,629,290,629
1,6,629,9,319,629,320,628,321,627,322,627,323,627,324,627,325,627,326,627,327,627,328,627,329,627,330,627,331,627,331,627,331,628,331,629,331,630,331,631,330,631,329,631,328,631,327,631,326,631,325,631,324,631,323,631,322,631,321,631,320,631,319,631,319,631,319,630
1,6,629,9,349,629,349,628,349,627,350,627,351,627,352,627,353,627,354,627,355,627,356,627,357,627,358,627,359,627,360,627,360,627,359,627,359,628,359,628,358,628,357,629,356,629,355,629,354,629,353,629,352,629,351,629,350,630,350,631,350,631,349,631,349,631,349,630
1,6,629,9,394,629,394,628,393,628,393,628,393,627,392,627,392,627,393,627,394,627,395,627,396,627,397,627,398,627,399,627,400,627,401,627,402,627,403,627,404,627,404,627,404,628,404,629,404,630,404,631,403,631,402,631,401,631,400,631,399,631,398,631,397,631,396,631,395,631,394,631,394,631,395,630,395,629,394,629
1,6,630,9,438,630,439,630,440,630,441,629,442,629,443,629,444,629,445,629,446,628,447,628,447,629,447,630,447,631,447,632,448,632,448,632,447,632,446,632,445,632,444,632,443,632,442,632,441,632,440,632,439,632,438,632,437,632,436,632,436,632,437,631
1,6,630,9,478,630,478,629,478,628,479,628,479,629,479,630,479,631,479,632,479,632,478,632,478,632,478,631
1,6,629,9,489,629,489,628,489,628,490,628,490,627,490,627,491,627,492,627,493,627,494,627,495,627,496,627,497,627,498,627,499,627,500,627,501,627,502,627,503,627,503,627,503,628,503,629,503,630,503,631,502,631,501,631,500,631,499,631,498,631,497,631,496,631,495,631,494,631,493,631,492,631,491,631,490,631,489,631,489,631,489,630
1,6,629,9,600,629,600,628,599,627,598,627,598,627,599,627,600,627,601,627,602,627,603,627,604,627,604,627,604,628,605,628,606,628,606,629,606,629,606,628,605,628,604,628,603,628,602,628,601,628,601,629,601,630,601,631,601,631,600,631,600,631,600,630
1,6,629,9,612,630,612,629,612,628,613,628,614,628,615,628,616,628,617,628,618,628,619,628,620,628,621,628,622,628,623,628,624,628,625,628,626,628,626,628,626,629,626,630,626,631,626,631,625,631,625,632,625,632,624,632,623,632,622,632,621,632,620,632,619,632,618,632,617,632,616,632,615,632,614,632,613,632,612,632,612,632,612,631
1,6,629,9,723,629,723,628,723,627,724,627,724,628,724,629,724,630,724,631,724,631,723,631,723,631,723,630
1,6,629,9,735,629,735,628,735,628,736,628,736,627,736,627,737,627,738,627,739,627,740,627,741,627,742,627,743,627,744,627,745,627,746,627,746,628,746,629,746,630,746,631,746,631,745,631,744,631,743,631,742,631,741,631,740,631,739,631,738,631,737,631,736,631,735,631,734,631,734,630
1,6,629,9,776,629,776,628,776,627,777,627,777,628,777,629,777,630,777,631,777,631,776,631,776,631,776,630
1,6,629,9,836,629,836,628,836,627,837,627,837,628,837,629,837,630,837,631,837,631,836,631,836,631,836,630
1,6,629,9,857,629,857,628,856,628,856,628,856,627,855,627,855,627,856,627,857,627,858,627,859,627,860,627,861,627,862,627,863,627,864,627,865,627,865,627,864,628,863,628,862,628,862,629,862,629,861,629,860,629,859,629,858,629,857,629
1,6,629,9,915,629,916,628,916,627,916,627,917,627,918,627,919,627,920,627,921,627,922,627,923,627,924,627,925,627,926,627,927,627,927,627,927,628,927,629,927,630,927,630,926,630,926,631,926,631,925,631,924,631,923,631,922,631,921,631,920,631,919,631,918,631,917,631,916,631,915,631,915,631,915,630
1,6,629,9,979,629,979,628,979,627,980,627,980,628,980,629,980,630,980,631,980,631,979,631,979,631,979,630
1,8,639,9,15,639,15,638,15,637,16,637,17,637,18,637,19,637,19,637,19,638,19,639,19,640,19,641,18,641,17,641,16,641,15,641,15,641,15,640
1,8,639,9,24,639,24,638,24,637,24,637,24,638,24,639,24,640,24,641,24,641,24,640
1,8,638,9,37,638,37,637,36,636,36,636,37,636,38,636,39,636,39,636,39,637,40,637,40,637,40,638,41,638,41,638,41,639,42,639,42,639,42,640,43,640,43,640,42,640,41,640,40,640,39,640,39,640,39,639,38,639,38,639,38,638,37,638
1,8,638,9,49,638,49,637,48,636,48,636,49,636,50,636,51,636,52,636,53,636,54,636,55,636,56,636,57,636,57,636,57,637,57,637,56,637,56,638,56,639,55,640,54,640,53,640,52,640,51,640,50,640,49,640,49,640,49,639
1,8,638,9,84,638,84,637,84,637,85,637,85,636,85,636,86,636,87,636,88,636,89,636,90,636,91,636,92,636,93,636,94,636,95,636,96,636,96,636,96,637,96,638,96,639,96,639,95,639,95,640,95,640,94,640,93,640,92,640,91,640,90,640,89,640,88,640,87,640,86,640,85,640,84,640,83,640,83,639
1,8,638,9,127,638,127,637,127,636,128,636,128,637,128,638,128,639,128,640,128,640,127,640,127,640,127,639
1,8,638,9,171,638,171,637,171,636,172,636,173,636,174,636,175,636,176,636,177,636,178,636,179,636,180,636,180,637,179,638,179,639,179,639,178,639,178,640,178,640,177,640,176,640,175,640,174,640,173,640,172,640,171,640,171,640,171,639
1,8,638,9,202,638,202,637,202,636,203,636,203,637,203,638,203,639,203,640,203,640,202,640,202,640,202,639
1,8,638,9,248,638,248,637,247,637,247,637,247,636,246,636,246,636,247,636,248,636,249,636,250,636,251,636,252,636,253,636,254,636,255,636,256,636,257,636,257,636,256,636,256,637,256,637,255,637,254,638,253,638,252,638,251,638,250,638,249,638,248,638
1,8,639,9,265,639,265,638,264,638,263,638,262,637,262,637,263,637,264,637,265,637,266,637,267,638,268,638,269,638,270,638,271,638,272,638,273,638,274,638,275,638,276,638,277,637,278,637,279,638,279,639,279,640,279,640,278,640,278,641,278,641,277,641,276,641,275,641,274,641,273,641,272,641,271,641,270,641,269,640,268,640,267,640,266,639,265,639
1,8,639,9,281,639,281,638,281,637,282,637,283,637,284,637,284,637,283,637,283,638,283,638,282,638,281,639
1,8,639,9,292,639,292,638,291,638,290,638,289,637,289,637,290,637,291,637,292,637,293,637,294,637,295,637,296,637,297,637,298,637,298,637,297,638,296,638,295,638,295,639,295,639,294,639,293,639,292,639
1,8,638,9,349,638,349,637,349,636,350,636,350,637,350,638,350,639,350,640,350,640,349,640,349,640,349,639
1,8,639,9,438,639,438,638,437,638,437,638,437,637,436,637,436,637,437,637,438,637,439,637,440,637,441,637,442,637,443,637,444,637,445,637,446,637,447,637,447,638,447,639,447,640,447,641,447,641,446,641,446,641,446,640,446,639,446,638,445,637,444,637,443,638,442,639,441,639,440,639,439,639,438,639
1,8,639,9,478,639,478,638,478,637,479,637,479,638,479,639,479,640,479,641,479,641,478,641,478,641,478,640
1,8,639,9,492,639,493,639,494,639,495,639,496,639,497,639,498,639,499,639,500,639,500,639,500,640,501,640,502,640,503,641,503,641,502,641,501,641,500,641,499,641,498,641,497,641,496,641,495,641,494,641,493,641,492,641,491,641,490,641,490,641,490,640,490,640,491,640
1,8,639,9,600,639,600,638,600,637,601,637,601,638,601,639,601,640,601,641,601,641,600,641,600,641,600,640
1,8,639,9,614,639,615,639,616,639,617,639,618,639,619,638,619,638,619,639,620,639,621,639,622,639,623,639,624,640,625,640,625,640,625,641,625,641,624,641,623,641,622,641,621,641,620,641,619,641,618,641,617,641,616,641,615,641,614,641,613,641,612,641,612,641,613,640
1,8,638,9,723,638,723,637,723,636,724,636,724,637,724,638,724,639,724,640,724,640,723,640,723,640,723,639
1,8,638,9,765,638,766,637,767,636,768,636,769,636,770,636,771,636,772,636,773,636,774,636,775,636,776,636,777,636,777,636,777,637,777,638,777,639,777,639,776,639,776,640,776,640,775,640,774,640,773,640,772,640,771,640,770,640,769,640,768,640,767,640,766,640,765,640,765,640,765,639
1,8,638,9,825,638,826,637,827,636,828,636,829,636,830,636,831,636,832,636,833,636,834,636,835,636,836,636,837,636,837,636,837,637,837,638,837,639,837,640,836,640,835,640,834,640,833,640,832,640,831,640,830,640,829,640,828,640,827,640,826,640,825,640,825,640,825,639
1,8,638,9,979,638,979,637,979,636,980,636,980,637,980,638,980,639,980,640,980,640,979,640,979,640,979,639
