1,1,400,9,20,400,20,400,20,401,20,402,20,403,20,404,19,404,18,404,17,404,17,404,18,404,18,403,18,403,19,403,19,402,19,401
1,1,400,9,25,400,25,399,25,399,25,400,25,401,25,402,25,403,25,404,25,404,25,403,25,402,25,401
1,1,400,9,45,400,45,399,45,398,45,397,45,396,46,396,47,396,48,396,48,396,47,396,47,397,47,398,47,399,47,400,47,401,47,402,47,403,47,403,46,403,45,403,45,402,45,401
1,1,400,9,51,400,51,399,51,399,52,399,52,398,52,398,53,398,53,397,53,396,54,396,55,396,56,396,56,397,56,398,56,399,56,400,56,401,55,402,55,403,55,403,54,403,53,403,52,403,51,403,50,403,49,403,49,403,50,403,50,402,50,402,51,402,51,401
1,1,400,9,87,400,87,399,87,399,88,399,89,399,90,399,91,399,92,399,93,399,94,399,95,399,96,399,96,399,96,400,96,401,96,402,97,402,97,402,97,403,97,403,96,403,95,403,94,403,93,403,92,403,91,403,90,403,89,403,88,403,87,403,86,403,85,403,85,403,86,403,86,402,86,402,87,402,87,401
1,1,400,9,165,400,165,399,165,399,166,399,166,398,166,398,167,398,167,397,167,397,168,397,168,396,168,396,169,396,170,396,171,396,172,396,173,396,174,396,175,396,176,396,177,397,177,398,177,399,177,400,177,401,177,401,176,401,176,402,176,402,175,402,175,403,175,403,174,403,173,403,172,403,171,403,170,403,169,403,168,403,167,403,166,403,165,403,165,402,165,401
1,1,401,9,235,401,235,400,235,399,235,398,235,397,236,397,237,397,238,397,239,397,240,397,241,397,242,397,243,397,244,397,244,397,243,397,243,398,244,399,245,400,246,400,246,400,246,401,246,402,246,403,246,404,245,404,244,404,243,404,242,404,241,404,240,404,239,404,238,404,237,404,237,404,238,404,238,403,238,402,238,401,237,401,236,401,235,401
1,1,401,9,248,401,248,400,248,399,249,398,250,398,251,398,251,397,251,397,252,397,253,397,254,397,255,397,256,397,257,397,258,397,259,397,260,397,260,397,260,398,260,399,260,400,260,401,259,402,258,403,257,404,256,404,255,404,254,404,253,404,252,404,251,404,250,404,249,404,248,404,248,403,248,402
1,1,401,9,302,401,302,400,302,400,303,400,303,400,303,401,303,402,303,403,303,404,302,404,302,403,302,402
1,1,401,9,340,401,340,400,340,399,341,398,342,397,343,397,344,397,345,397,346,397,347,397,348,397,349,397,350,397,351,397,352,397,352,397,352,398,352,399,352,400,352,401,351,402,350,403,349,404,348,404,347,404,346,404,345,404,344,404,343,404,342,404,341,404,340,404,340,403,340,402
1,1,401,9,422,401,422,400,422,400,423,400,424,400,425,400,426,400,427,400,428,400,429,400,430,400,431,400,432,400,433,400,433,400,433,401,433,402,433,403,433,404,432,404,431,404,430,404,429,404,428,404,427,404,426,404,425,404,424,404,423,404,422,404,421,404,421,404,422,403,422,402
1,1,401,9,527,401,527,400,527,400,527,401,527,402,527,403,527,404,527,404,527,403,527,402
1,1,401,9,540,401,540,400,540,400,541,400,542,400,543,400,544,400,545,400,546,400,547,400,548,400,549,400,550,400,550,401,550,402,550,403,550,404,550,404,549,404,548,404,547,404,546,404,545,404,544,404,543,404,542,404,541,404,540,404,539,404,538,404,538,404,539,404,539,403,539,403,540,403,540,402
1,1,401,9,618,401,618,400,618,400,619,400,619,399,619,398,620,397,621,397,622,397,623,397,624,397,625,397,626,397,627,397,628,397,629,397,630,397,630,397,630,398,630,399,630,400,630,401,629,402,628,403,627,404,626,404,625,404,624,404,623,404,622,404,621,404,620,404,619,404,618,404,618,403,618,402
1,1,401,9,687,401,687,400,687,399,687,398,687,397,688,397,689,397,690,397,691,397,692,397,693,397,694,397,695,397,696,397,697,397,697,397,696,398,696,399,697,400,697,401,697,402,698,403,698,404,697,404,696,404,695,404,694,404,693,404,692,404,691,404,690,404,690,404,690,403,690,402,690,401,689,401,688,401,687,401
1,1,401,9,701,401,701,400,700,400,700,401
1,1,401,9,702,401,702,400,701,400,701,401
1,1,401,9,703,401,703,400,702,400,702,401
1,1,401,9,704,401,704,400,703,400,703,401
1,1,401,9,705,401,705,400,704,400,704,401
1,1,401,9,706,401,706,400,705,400,705,401
1,1,401,9,707,401,707,400,706,400,706,401
1,1,401,9,708,401,708,400,707,400,707,401
1,1,401,9,709,401,709,400,708,400,708,401
1,1,401,9,710,401,710,400,709,400,709,401
1,1,401,9,711,401,711,400,710,400,710,401
1,1,401,9,712,401,712,400,711,400,711,401
1,1,401,9,713,401,713,400,712,400,712,401
1,1,401,9,754,401,754,400,754,400,754,401,754,402,754,403,754,404,754,404,754,403,754,402
1,1,401,9,791,401,791,400,791,399,792,399,793,399,793,398,793,398,794,398,794,397,794,397,795,397,796,397,797,397,798,397,799,397,800,397,801,397,802,397,803,397,803,397,803,398,803,399,803,400,803,401,803,402,803,402,802,402,802,403,802,403,801,403,800,404,799,404,798,404,797,404,796,404,795,404,794,404,793,404,792,404,791,404,791,403,791,402
1,1,401,9,873,401,873,400,873,400,874,400,875,400,876,400,877,400,878,400,878,399,878,399,879,399,880,399,881,399,882,399,883,399,883,399,883,400,883,401,883,402,883,403,883,404,883,404,882,404,881,404,880,404,879,404,878,404,877,404,876,404,875,404,874,404,873,404,872,404,871,404,871,404,872,404,872,403,872,403,873,403,873,402
1,1,400,9,980,400,980,399,980,399,981,400,981,401,981,402,981,403,980,403,980,402,980,401
1,3,410,9,15,410,15,409,15,409,16,409,16,408,16,407,17,407,18,407,18,407,18,408,18,408,17,408,17,409,17,410,17,411,17,412,17,413,17,414,16,414,15,414,14,414,14,413,15,412,15,411
1,3,410,9,25,410,25,409,25,408,25,407,25,407,25,408,25,409,25,410,25,411,25,412,25,413,25,414,25,414,25,413,25,412,25,411
1,3,410,9,41,410,41,409,41,409,42,409,42,408,42,408,43,408,44,408,45,408,45,407,45,406,46,406,47,406,48,406,49,406,50,406,51,406,52,406,53,406,53,406,53,407,53,408,53,409,53,410,52,410,51,410,50,410,49,410,49,411,49,412,48,413,47,413,46,413,45,413,44,413,43,413,42,413,41,413,40,413,39,413,39,413,40,413,40,412,40,412,41,412,41,411
1,3,410,9,84,410,84,409,84,408,84,407,84,406,85,406,86,406,87,406,88,406,89,406,90,406,91,406,92,406,93,406,94,406,95,406,96,406,96,406,95,407,95,408,95,409,95,410,95,410,94,410,93,410,92,410,91,410,90,410,89,410,88,410,87,410,86,410,85,411,85,412,85,413,84,413,84,412,84,411
1,3,410,9,114,410,114,409,114,409,115,409,116,409,117,409,118,409,119,409,120,409,121,409,122,409,123,409,123,409,123,410,123,411,123,412,124,412,124,412,124,413,124,413,123,413,122,413,121,413,120,413,119,413,118,413,117,413,116,413,115,413,114,413,113,413,112,413,112,413,113,413,113,412,113,412,114,412,114,411
1,3,410,9,165,410,165,409,165,408,165,407,165,406,165,406,165,407,166,408,166,409,166,410,166,411,165,412,165,413,165,413,165,412,165,411
1,3,410,9,194,410,194,409,194,409,195,409,196,409,197,409,198,409,199,409,200,409,201,409,202,409,203,409,204,409,204,410,204,411,204,412,204,413,204,413,203,413,202,413,201,413,200,413,199,413,198,413,197,413,196,413,195,413,194,413,193,413,193,413,194,412,194,411
1,3,410,9,235,410,235,409,235,408,235,407,235,406,236,406,237,406,238,406,239,406,240,406,241,406,242,406,243,406,244,406,245,406,245,406,244,407,244,408,244,409,244,410,244,411,243,412,243,413,243,413,243,412,243,411,242,411,242,411,242,410,242,409,242,408,241,407,240,407,240,408,240,409,240,410,240,410,239,410,239,411,239,412,239,413,239,413,238,413,238,413,238,412,237,411,236,410,235,410
1,3,410,9,248,410,248,409,248,408,248,407,248,406,249,406,249,407,249,408,249,409,249,410,249,411,249,412,249,413,248,413,248,412,248,411
1,3,410,9,278,410,278,409,278,409,279,409,280,409,281,409,282,409,283,409,284,409,285,409,286,409,287,409,288,409,288,410,288,411,288,412,288,413,288,413,287,413,286,413,285,413,284,413,283,413,282,413,281,413,280,413,279,413,278,413,277,413,276,413,276,413,277,413,277,412,277,412,278,412,278,411
1,3,410,9,302,410,302,409,302,408,302,407,302,406,303,406,303,407,303,408,303,409,303,410,303,411,303,412,303,413,302,413,302,412,302,411
1,3,410,9,340,410,340,409,340,408,340,407,340,406,341,406,341,407,341,408,341,409,341,410,341,411,341,412,341,413,340,413,340,412,340,411
1,3,410,9,370,410,370,409,370,409,371,409,372,409,373,409,374,409,375,409,376,409,377,409,378,409,379,409,380,409,380,410,380,411,380,412,380,413,380,413,379,413,378,413,377,413,376,413,375,413,374,413,373,413,372,413,371,413,370,413,369,413,368,413,368,413,369,413,369,412,369,412,370,412,370,411
1,3,410,9,420,410,420,409,420,408,420,407,420,407,421,407,422,407,423,407,424,407,425,407,426,407,427,407,428,407,429,407,430,407,431,407,432,407,432,407,431,407,431,408,431,409,431,410,431,411,430,411,429,411,428,411,427,411,427,411,427,410,426,410,425,411,424,411,423,410,422,410,422,411,422,411,421,411,421,412,421,413,421,414,421,414,420,414,420,414,420,413,420,412,420,411
1,3,411,9,449,411,449,410,449,410,450,410,451,410,452,410,453,410,454,410,455,410,456,410,457,410,458,410,459,410,460,410,460,410,460,411,460,411,459,411,459,412,459,413,459,414,459,414,458,414,457,414,456,414,455,414,454,414,453,414,452,414,451,414,450,414,449,414,448,414,448,414,448,413,448,413,449,413,449,412
1,3,410,9,500,410,500,409,500,409,501,409,501,408,501,408,502,408,502,407,502,407,503,407,503,406,503,406,504,406,505,406,506,406,507,406,508,406,509,406,510,406,511,406,512,406,512,406,512,407,512,408,512,409,512,410,512,411,512,411,511,411,511,412,511,412,510,412,510,413,510,413,509,413,508,413,507,413,506,413,505,413,504,413,503,413,502,413,501,413,500,413,500,412,500,411
1,3,410,9,527,410,527,409,527,408,527,407,527,406,527,406,527,407,527,408,527,409,527,410,527,411,527,412,527,413,527,413,527,412,527,411
1,3,410,9,538,410,538,409,538,408,538,407,538,406,539,406,540,406,541,406,542,406,543,406,544,406,545,406,546,406,547,406,548,406,549,406,550,406,550,406,549,407,548,408,548,409,548,410,547,410,546,410,545,410,544,410,543,411,543,411,543,410,542,410,541,410,540,410,539,411,539,412,539,413,538,413,538,412,538,411
1,3,410,9,567,410,567,409,567,409,568,409,569,409,570,409,571,409,572,409,573,409,574,409,575,409,576,409,577,409,577,410,577,411,577,412,577,413,577,413,576,413,575,413,574,413,573,413,572,413,571,413,570,413,569,413,568,413,567,413,566,413,566,413,567,412,567,411
1,3,410,9,618,410,618,409,618,408,618,407,618,406,619,406,619,407,619,408,619,409,619,410,619,411,619,412,619,413,618,413,618,412,618,411
1,3,410,9,647,410,647,409,647,409,648,409,649,409,650,409,651,409,652,409,653,409,654,409,655,409,656,409,657,409,658,409,658,409,658,410,658,411,658,412,658,413,657,413,656,413,655,413,654,413,653,413,652,413,651,413,650,413,649,413,648,413,647,413,646,413,646,413,647,412,647,411
1,3,410,9,687,410,687,409,687,408,687,407,687,406,688,406,689,406,690,406,691,406,692,406,693,406,694,406,695,406,696,406,697,406,697,406,696,407,696,408,696,409,696,410,696,411,696,412,696,412,695,412,695,413,695,413,695,412,695,411,694,411,694,411,694,410,693,410,692,410,691,410,691,411,691,412,691,413,691,413,690,413,690,413,690,412,690,411,690,410,689,410,688,410,687,410
1,3,410,9,701,410,701,409,700,409,700,410
1,3,410,9,729,410,729,409,729,409,730,409,731,409,732,409,733,409,734,409,735,409,736,409,737,409,738,409,739,409,739,410,739,411,739,412,739,413,740,413,740,413,739,413,738,413,737,413,736,413,735,413,734,413,733,413,732,413,731,413,730,413,729,413,728,413,728,413,729,412,729,411
1,3,410,9,754,410,754,409,754,408,754,407,754,406,754,406,754,407,754,408,754,409,754,410,754,411,754,412,754,413,754,413,754,412,754,411
1,3,410,9,791,410,791,409,791,408,791,407,791,406,792,406,792,407,792,408,792,409,792,410,792,411,792,412,792,413,791,413,791,412,791,411
1,3,410,9,821,410,821,409,821,409,822,409,823,409,824,409,825,409,826,409,827,409,828,409,829,409,830,409,830,409,830,410,830,411,830,412,830,413,829,413,828,413,827,413,826,413,825,413,824,413,823,413,822,413,821,413,820,413,819,413,819,413,820,413,820,412,820,412,821,412,821,411
1,3,410,9,871,410,871,409,871,408,871,407,871,406,872,406,873,406,874,406,875,406,876,406,877,406,878,406,879,406,880,406,881,406,882,406,883,406,883,406,882,407,881,408,881,409,881,410,880,410,879,410,878,410,877,410,876,410,875,410,874,410,873,410,872,410,871,410,871,411,871,412,871,413,871,413,871,412,871,411
1,3,410,9,899,410,899,409,899,409,900,409,901,409,902,409,903,409,904,409,905,409,906,409,907,409,908,409,909,409,909,410,909,411,909,412,909,413,909,413,908,413,907,413,906,413,905,413,904,413,903,413,902,413,901,413,900,413,899,413,898,413,898,413,899,412,899,411
1,3,409,9,950,409,950,408,950,408,951,408,951,407,951,407,952,407,952,406,952,406,953,406,954,406,955,406,956,406,957,406,958,406,959,406,960,406,961,406,962,406,962,407,962,408,962,409,962,410,962,410,961,410,960,411,960,412,960,412,959,412,958,413,957,413,956,413,955,413,954,413,953,413,952,413,951,413,950,413,950,413,950,412,950,411,950,410
1,3,409,9,980,409,980,408,980,407,980,406,980,406,981,406,981,406,981,407,981,408,981,409,981,410,981,411,981,412,981,413,981,413,980,413,980,413,980,412,980,411,980,410
1,5,419,9,14,419,14,418,14,417,14,416,14,416,15,416,16,416,17,416,17,416,17,417,17,418,17,419,18,420,18,421,18,422,18,423,17,423,16,423,15,423,14,423,14,423,14,422,14,421,14,420
1,5,419,9,24,419,24,418,24,417,25,416,25,416,25,417,26,417,26,417,26,418,26,419,26,420,26,420,25,420,25,421,25,422,25,423,25,423,25,422,25,421,24,421,24,421,24,420
1,5,419,9,36,419,36,418,36,417,37,416,38,415,39,415,40,415,41,415,42,415,43,415,44,415,45,415,46,415,47,415,48,415,49,415,49,416,49,417,50,418,51,418,52,418,53,418,54,418,55,418,56,418,56,419,56,420,56,421,56,422,57,422,57,422,56,422,55,422,54,422,53,422,52,422,51,422,50,422,49,422,48,422,47,422,46,422,45,422,44,422,43,422,43,422,44,421,44,420,43,419,42,419,41,420,41,421,41,421,40,421,40,422,40,422,39,422,38,422,37,422,36,422,35,422,35,422,36,421,36,420
1,5,419,9,84,419,84,418,84,417,84,416,84,415,85,415,85,416,85,417,85,418,85,419,85,420,85,421,85,422,84,422,84,421,84,420
1,5,419,9,111,419,111,418,111,417,112,416,112,415,112,415,113,415,114,415,115,415,116,415,117,415,118,415,119,415,120,415,121,415,122,415,123,415,124,415,124,415,123,415,123,416,123,416,122,416,122,417,122,418,122,419,122,419,121,419,120,419,119,419,118,419,117,419,116,419,115,419,114,419,113,419,113,420,113,421,113,422,113,422,112,422,112,422,112,421,111,420
1,5,419,9,140,419,140,418,140,418,141,418,142,418,143,418,144,418,145,418,146,418,147,418,148,418,149,418,150,418,150,419,150,420,150,421,150,422,150,422,149,422,148,422,147,422,146,422,145,422,144,422,143,422,142,422,141,422,140,422,139,422,139,422,140,421,140,420
1,5,419,9,165,419,165,418,165,417,165,416,165,415,165,415,165,416,166,417,166,418,166,419,166,420,165,421,165,422,165,422,165,421,165,420
1,5,419,9,192,419,192,418,192,417,192,416,192,415,193,415,194,415,195,415,196,415,197,415,198,415,199,415,200,415,201,415,202,415,203,415,204,415,204,415,203,416,203,417,203,418,203,419,203,419,202,419,201,419,200,419,199,419,198,419,197,419,196,419,195,419,194,419,193,420,193,421,193,422,192,422,192,421,192,420
1,5,419,9,221,419,221,418,221,418,222,418,223,418,224,418,225,418,226,418,227,418,228,418,229,418,230,418,231,418,231,419,231,420,231,421,231,422,231,422,230,422,229,422,228,422,227,422,226,422,225,422,224,422,223,422,222,422,221,422,220,422,220,422,220,421,220,421,221,421,221,420
1,5,419,9,248,419,248,418,248,417,248,416,248,416,249,416,249,416,249,417,249,418,249,419,249,420,249,421,249,422,249,423,249,423,248,423,248,423,248,422,248,421,248,420
1,5,419,9,275,419,275,418,275,417,276,416,277,416,278,416,279,416,280,416,281,416,282,416,283,416,284,416,285,416,286,416,287,416,288,416,288,416,287,417,287,418,287,419,287,420,287,420,286,420,285,420,284,420,283,420,282,420,281,420,280,420,279,420,278,420,277,420,276,420,276,421,276,422,276,423,276,423,276,422,276,421,275,420
1,5,419,9,302,419,302,418,302,417,302,416,302,416,303,416,303,416,303,417,303,418,303,419,303,420,303,421,303,422,303,423,303,423,302,423,302,423,302,422,302,421,302,420
1,5,419,9,315,419,315,418,315,418,316,418,317,418,318,418,319,418,320,419,321,419,321,418,321,418,322,418,323,418,324,418,325,418,325,419,325,420,325,421,325,422,326,422,326,422,326,423,326,423,325,423,324,423,323,423,322,423,321,423,320,423,319,423,318,423,317,423,316,423,315,423,314,423,314,422,315,421,315,420
1,5,419,9,340,419,340,418,340,417,340,416,340,415,341,415,341,416,341,417,341,418,341,419,341,420,341,421,341,422,340,422,340,421,340,420
1,5,419,9,368,419,368,418,368,417,368,416,368,415,369,415,370,415,371,415,372,415,373,415,374,415,375,415,376,415,377,415,378,415,379,415,380,415,380,415,379,416,379,417,379,418,379,419,379,419,378,419,377,419,376,419,375,419,374,419,373,419,372,419,371,419,370,419,369,420,368,421,368,422,368,422,368,421,368,420
1,5,419,9,396,419,396,418,396,418,397,418,398,418,399,418,400,418,401,418,402,418,403,418,404,418,405,419,406,419,406,419,406,420,406,421,406,422,406,422,405,422,404,422,403,422,402,422,401,422,400,422,399,422,398,422,397,422,396,422,395,422,395,422,396,421,396,420
1,5,419,9,420,419,420,418,420,417,420,416,420,416,421,416,421,416,421,417,421,418,421,419,421,420,421,421,421,422,421,423,421,423,420,423,420,423,420,422,420,421,420,420
1,5,419,9,447,419,447,418,447,417,447,416,447,416,448,416,449,416,450,416,451,416,452,416,453,416,454,416,455,416,456,416,457,416,458,416,459,416,459,416,458,416,458,417,458,418,458,419,458,420,458,420,458,419,457,419,456,419,455,419,455,420,455,420,454,419,453,419,452,420,451,420,450,420,449,420,448,420,448,421,448,422,448,423,448,423,447,423,447,423,447,422,447,421,447,420
1,5,420,9,474,420,474,419,474,418,475,417,476,416,477,416,478,416,479,416,480,416,481,416,482,416,483,416,484,416,485,416,486,416,486,416,486,417,486,418,486,419,486,420,485,421,484,422,483,422,482,422,482,423,482,423,481,423,480,423,479,423,478,423,477,423,476,423,475,423,474,423,474,422,474,421
1,5,419,9,500,419,500,418,500,417,500,416,500,416,501,416,501,416,501,417,501,418,501,419,501,420,501,421,501,422,501,423,501,423,500,423,500,423,500,422,500,421,500,420
1,5,419,9,526,419,526,418,526,418,527,418,527,417,527,416,527,416,527,417,527,418,527,419,527,420,527,421,527,422,527,423,527,423,527,422,527,421,526,421,526,421,526,420
1,5,419,9,538,419,538,418,538,417,538,416,538,416,539,416,539,416,539,417,539,418,539,419,539,420,539,421,539,422,539,423,539,423,538,423,538,423,538,422,538,421,538,420
1,5,420,9,565,420,565,419,565,418,565,417,565,416,566,416,567,416,568,416,569,416,570,416,571,416,572,416,573,416,574,416,575,416,576,416,577,416,577,416,576,417,576,418,576,419,576,420,576,420,575,420,574,420,573,420,572,420,571,420,571,420,571,419,570,419,569,419,568,419,568,420,568,420,567,420,566,421,566,422,566,423,565,423,565,422,565,421
1,5,419,9,594,419,594,418,594,418,595,418,596,418,597,418,598,418,599,418,600,418,601,418,602,418,603,418,604,418,604,419,604,420,604,421,604,422,604,423,603,423,602,423,601,423,600,423,599,423,598,423,597,423,596,423,595,423,594,423,593,423,592,423,592,423,593,422,594,421,594,420
1,5,419,9,618,419,618,418,618,417,618,416,618,416,619,416,619,416,619,417,619,418,619,419,619,420,619,421,619,422,619,423,619,423,618,423,618,423,618,422,618,421,618,420
1,5,419,9,645,419,645,418,645,417,645,416,645,416,646,416,646,415,646,415,647,415,648,415,649,415,650,415,651,415,652,415,653,415,654,415,655,415,656,415,657,415,658,415,658,415,657,415,657,416,657,416,656,416,656,417,656,418,656,419,656,419,655,419,654,419,653,419,652,419,651,419,650,419,649,419,648,419,647,419,647,420,647,420,646,420,646,421,646,422,645,422,645,421,645,420
1,5,419,9,674,419,675,419,676,419,676,418,676,418,677,419,678,419,679,419,680,419,681,419,682,419,683,419,684,419,684,418,684,418,684,419,684,420,684,421,684,422,684,423,683,423,682,423,681,423,680,423,679,423,678,423,677,423,676,423,675,423,674,423,673,423,672,423,672,423,673,422,674,421,674,420
1,5,419,9,700,419,700,418,700,417,700,416,700,416,701,416,701,416,701,417,701,418,701,419,701,420,701,421,701,422,701,423,701,423,701,422,701,421,700,420
1,5,419,9,727,419,727,418,727,417,727,416,727,416,728,416,729,416,730,416,731,416,732,416,733,416,734,416,735,416,736,416,737,416,738,416,739,416,739,416,738,416,738,417,738,418,738,419,738,420,737,420,736,420,735,420,734,420,733,420,732,420,731,420,730,420,729,420,728,420,728,421,728,422,728,423,728,423,727,423,727,423,727,422,727,421,727,420
1,5,420,9,753,420,753,419,753,418,754,417,754,416,754,416,754,417,754,418,754,419,754,420,754,421,754,422,754,423,754,423,754,422,753,421
1,5,419,9,766,419,767,419,768,419,769,418,770,418,771,418,772,418,773,418,774,418,775,418,776,418,777,418,777,418,777,419,777,420,777,421,777,422,777,423,777,423,776,423,775,423,774,423,773,423,772,423,771,423,770,423,769,423,768,423,767,423,766,423,765,423,765,423,766,423,766,422,766,421,766,420
1,5,419,9,791,419,791,418,791,417,791,416,791,416,792,416,792,416,792,417,792,418,792,419,792,420,792,421,792,422,792,423,792,423,791,423,791,423,791,422,791,421,791,420
1,5,419,9,818,419,818,418,818,417,818,416,818,416,819,416,820,416,821,416,822,416,823,416,824,416,825,416,826,416,827,416,828,416,829,416,830,416,830,416,829,416,829,417,829,418,829,419,829,419,828,419,827,419,826,419,825,419,824,419,823,419,822,419,821,420,820,420,819,420,819,421,819,422,819,423,819,423,818,423,818,423,818,422,818,421,818,420
1,5,419,9,847,419,847,418,847,418,848,418,849,418,850,418,851,418,852,418,853,418,854,418,855,418,856,419,856,420,856,421,856,422,855,422,854,422,853,422,852,422,851,422,850,422,849,422,848,422,847,422,846,422,845,422,845,422,846,422,846,421,846,421,847,421,847,420
1,5,419,9,870,419,870,418,870,417,871,416,871,416,871,417,871,418,871,419,871,420,871,421,871,422,871,423,871,423,871,422,871,421,870,420
1,5,419,9,897,419,897,418,897,417,897,416,897,415,898,415,899,415,900,415,901,415,902,415,903,415,904,415,905,415,906,415,907,415,908,415,909,415,909,415,908,416,908,417,908,418,908,419,908,419,907,419,906,419,905,419,904,419,903,419,902,419,901,419,900,419,899,419,898,420,898,421,898,422,897,422,897,421,897,420
1,5,419,9,923,419,923,418,923,418,924,418,924,417,924,417,925,417,925,416,925,416,926,416,926,415,926,415,927,415,928,415,929,415,930,415,931,415,932,415,933,415,934,415,935,415,935,415,935,416,935,417,935,418,935,419,935,420,935,420,934,420,934,421,934,421,933,421,933,422,933,422,932,422,931,422,930,422,929,422,928,422,927,422,926,422,925,422,924,422,923,422,923,421,923,420
1,5,419,9,950,419,950,418,950,417,950,416,950,415,950,415,950,416,951,417,951,418,951,419,951,420,950,421,950,422,950,422,950,421,950,420
1,5,419,9,980,419,980,418,980,417,980,416,980,415,981,415,981,416,981,417,981,418,981,419,981,420,981,421,981,422,980,422,980,421,980,420
1,7,428,9,15,428,15,427,15,426,15,425,14,425,14,425,15,425,16,425,17,425,18,425,18,425,18,426,19,427,19,428,19,429,19,430,19,431,20,432,20,432,19,432,18,432,17,432,16,432,16,431,16,430,15,430,15,430,15,429
1,7,428,9,25,428,25,427,25,426,25,425,25,425,25,426,25,427,25,428,25,429,25,430,25,431,25,432,25,432,25,431,25,430,25,429
1,7,428,9,35,428,35,427,35,426,35,425,35,424,36,424,37,424,38,424,39,424,40,424,40,425,40,426,40,427,40,428,40,429,40,430,41,431,41,431,40,431,39,431,38,431,37,431,37,430,37,429,36,429,36,429,36,428,35,428
1,7,428,9,42,428,42,427,42,426,42,425,42,424,43,424,44,424,45,424,46,424,47,424,48,424,49,424,50,424,51,424,52,424,53,424,54,424,55,424,56,424,57,424,58,424,58,424,58,425,58,426,58,427,58,428,58,429,58,430,58,431,58,431,57,431,56,431,55,431,55,431,55,430,55,429,55,428,54,428,54,428,54,427,54,426,54,425,53,424,52,424,51,424,50,424,50,425,51,426,51,427,51,428,51,429,51,430,51,431,50,431,49,431,49,431,49,430,49,429,49,428,48,428,47,428,46,428,46,429,46,430,46,431,46,431,45,431,44,431,43,430,43,429,43,428,42,428
1,7,428,9,84,428,84,427,84,426,84,425,84,424,85,424,85,425,85,426,85,427,85,428,85,429,85,430,85,431,84,431,84,430,84,429
1,7,428,9,111,428,111,427,111,426,112,425,112,424,112,424,113,425,113,426,113,427,113,428,112,429,112,430,112,431,112,431,112,430,111,429
1,7,428,9,138,428,138,427,138,426,138,425,138,424,139,424,140,424,141,424,142,424,143,424,144,424,145,424,146,424,147,424,148,424,149,424,150,424,150,424,150,425,150,425,149,425,149,426,149,427,149,428,149,428,148,428,147,428,146,428,145,428,144,428,143,428,142,428,141,428,140,428,139,429,139,430,139,431,138,431,138,430,138,429
1,7,428,9,165,428,165,427,165,426,165,425,165,424,165,424,165,425,165,426,165,427,165,428,165,429,165,430,165,431,165,431,165,430,165,429
1,7,428,9,192,428,192,427,192,426,192,425,192,424,193,424,193,425,193,426,193,427,193,428,193,429,193,430,193,431,192,431,192,430,192,429
1,7,428,9,219,428,219,427,219,426,219,425,219,425,220,425,221,425,222,425,223,425,224,425,225,425,226,425,227,425,228,425,229,425,230,425,230,425,230,426,230,427,230,428,230,429,229,429,228,429,227,429,226,429,225,429,224,429,223,429,222,429,221,429,220,429,219,430,219,431,219,432,219,432,219,431,219,430,219,429
1,7,429,9,248,429,248,428,248,427,248,426,248,425,249,425,249,426,249,427,249,428,249,429,249,430,249,431,249,432,248,432,248,431,248,430
1,7,429,9,275,429,275,428,275,427,276,426,276,425,276,425,276,426,276,427,276,428,276,429,276,430,276,431,276,432,276,432,276,431,275,430
1,7,429,9,302,429,302,428,302,427,302,426,302,425,303,425,303,426,303,427,303,428,303,429,303,430,303,431,303,432,302,432,302,431,302,430
1,7,428,9,313,428,313,427,313,426,313,425,313,425,314,425,315,425,316,425,317,425,318,425,319,425,320,425,321,425,322,425,323,425,324,425,325,425,325,425,324,425,324,426,324,427,324,428,324,429,323,429,322,429,321,429,320,429,319,429,318,429,317,429,316,429,315,429,314,429,314,430,314,431,314,432,314,432,313,432,313,432,313,431,313,430,313,429
1,7,428,9,340,428,340,427,340,426,340,425,340,425,341,425,341,425,341,426,341,427,341,428,341,429,341,430,341,431,341,432,341,432,340,432,340,432,340,431,340,430,340,429
1,7,428,9,367,428,367,427,367,427,368,427,368,426,368,425,368,425,368,426,368,427,368,428,368,429,368,430,368,431,368,432,368,432,368,431,368,430,367,430,367,430,367,429
1,7,429,9,394,429,394,428,394,427,394,426,394,425,395,425,396,425,397,425,398,425,399,425,400,425,401,425,402,425,403,425,404,425,405,425,406,425,406,425,405,426,405,427,405,428,405,429,405,429,404,428,403,428,403,429,403,429,402,429,401,429,400,429,399,429,398,428,397,428,397,429,397,429,396,429,395,430,395,431,395,432,394,432,394,431,394,430
1,7,428,9,420,428,420,427,420,426,420,425,420,425,421,425,421,425,421,426,421,427,421,428,421,429,421,430,421,431,421,432,421,432,420,432,420,432,420,431,420,430,420,429
1,7,428,9,447,428,447,427,447,426,447,425,447,425,448,425,448,425,448,426,448,427,448,428,448,429,448,430,448,431,448,432,448,432,447,432,447,432,447,431,447,430,447,429
1,7,429,9,474,429,474,428,474,427,474,426,474,425,475,425,475,426,475,427,475,428,475,429,475,430,475,431,475,432,474,432,474,431,474,430
1,7,429,9,500,429,500,428,500,427,500,426,500,425,501,425,501,426,501,427,501,428,501,429,501,430,501,431,501,432,500,432,500,431,500,430
1,7,429,9,526,429,526,428,526,427,527,426,527,425,527,425,527,426,527,427,527,428,527,429,527,430,527,431,527,432,527,432,527,431,526,430
1,7,429,9,538,429,538,428,538,427,538,426,538,425,539,425,539,426,539,427,539,428,539,429,539,430,539,431,539,432,538,432,538,431,538,430
1,7,429,9,565,429,565,428,565,427,565,426,565,425,566,425,566,426,566,427,566,428,566,429,566,430,566,431,566,432,565,432,565,431,565,430
1,7,429,9,591,429,591,428,591,427,591,426,591,426,592,426,592,425,592,425,593,425,594,425,595,425,596,425,597,425,598,425,599,425,600,425,601,425,602,425,603,425,604,425,604,425,603,425,603,426,603,427,603,428,603,429,602,429,601,429,600,429,599,429,598,429,597,429,596,429,595,429,594,429,593,429,592,430,592,431,592,432,592,432,592,431,591,430
1,7,428,9,618,428,618,427,618,426,618,425,618,425,619,425,619,425,619,426,619,427,619,428,619,429,619,430,619,431,619,432,619,432,618,432,618,432,618,431,618,430,618,429
1,7,428,9,645,428,645,427,645,426,645,425,645,425,646,425,646,425,646,426,646,427,646,428,646,429,646,430,646,431,646,432,646,432,645,432,645,432,645,431,645,430,645,429
1,7,429,9,672,429,672,428,672,427,672,426,672,425,673,425,674,425,675,425,676,425,677,425,678,425,679,425,680,425,681,425,682,425,683,425,684,425,684,425,683,426,683,427,683,428,682,428,681,428,681,429,681,429,680,429,680,429,680,428,679,428,678,429,677,429,676,429,675,429,674,429,673,430,673,431,673,432,672,432,672,431,672,430
1,7,428,9,701,428,701,427,700,427,700,428
1,7,428,9,727,428,727,427,727,426,727,425,727,425,728,425,728,425,728,426,728,427,728,428,728,429,728,430,728,431,728,432,728,432,727,432,727,432,727,431,727,430,727,429
1,7,429,9,753,429,753,428,753,427,754,426,754,425,754,425,754,426,754,427,754,428,754,429,754,430,754,431,754,432,754,432,754,431,753,430
1,7,429,9,765,429,765,428,765,427,765,426,765,425,766,425,767,425,768,425,769,425,770,425,771,425,772,425,773,425,774,425,775,425,776,425,776,426,776,427,776,428,776,429,776,429,775,429,774,429,773,429,772,429,771,429,770,429,769,429,768,429,767,429,766,429,765,429,765,430,765,431,765,432,765,432,765,431,765,430
1,7,429,9,791,429,791,428,791,427,791,426,791,425,792,425,792,426,792,427,792,428,792,429,792,430,792,431,792,432,791,432,791,431,791,430
1,7,428,9,818,428,818,427,818,426,818,425,818,425,819,425,819,425,819,426,819,427,819,428,819,429,819,430,819,431,819,432,819,432,818,432,818,432,818,431,818,430,818,429
1,7,429,9,844,429,844,428,844,427,844,426,844,425,845,425,846,425,847,425,848,425,849,425,850,425,851,425,852,425,853,425,854,425,855,425,856,425,856,425,855,426,855,427,855,428,854,428,853,428,852,429,851,429,850,429,849,429,848,429,847,429,846,429,845,430,845,431,845,432,844,432,844,431,844,430
1,7,428,9,870,428,870,427,870,426,871,425,871,425,871,426,871,427,871,428,871,429,871,430,871,431,871,432,871,432,871,431,871,430,870,429
1,7,428,9,897,428,897,427,897,426,897,425,897,425,898,425,898,425,898,426,898,427,898,428,898,429,898,430,898,431,898,432,898,432,897,432,897,432,897,431,897,430,897,429
1,7,428,9,923,428,923,427,923,426,923,425,923,424,924,424,924,425,924,426,924,427,924,428,924,429,924,430,924,431,923,431,923,430,923,429
1,7,428,9,949,428,949,427,949,426,950,425,950,424,950,424,950,425,950,426,950,427,950,428,950,429,950,430,950,431,950,431,950,430,949,429
1,7,428,9,980,428,980,427,980,426,980,425,980,424,981,424,981,425,981,426,981,427,981,428,981,429,981,430,981,431,980,431,980,430,980,429
1,9,437,9,16,437,16,436,16,435,16,434,16,434,17,434,18,434,19,434,20,434,20,435,20,436,21,437,21,438,21,439,21,440,21,441,21,441,20,441,19,441,18,441,17,441,17,440,17,439,16,439,16,439,16,438
1,9,437,9,24,437,24,436,24,435,24,434,24,434,25,434,25,434,25,435,25,436,25,437,25,438,25,439,25,440,25,441,25,441,24,441,24,441,24,440,24,439,24,438
1,9,437,9,41,437,41,436,41,435,41,434,40,434,40,434,41,434,42,434,43,434,44,434,44,434,44,435,44,436,44,437,44,437,43,437,42,437,41,437
1,9,437,9,50,437,50,436,50,435,50,434,50,433,51,433,52,433,53,433,54,433,55,433,56,433,57,433,57,433,56,433,56,434,56,434,55,434,55,435,55,436,55,437,55,437,54,437,53,438,53,439,53,440,52,440,51,440,51,440,51,439,50,438
1,9,437,9,84,437,84,436,84,435,84,434,84,433,85,433,85,434,85,435,85,436,85,437,85,438,85,439,85,440,84,440,84,439,84,438
1,9,437,9,111,437,111,436,111,435,112,434,112,434,112,435,112,436,112,437,112,438,112,439,112,440,112,441,112,441,111,441,111,441,111,440,111,439,111,438
1,9,437,9,138,437,138,436,138,435,138,434,138,434,139,434,139,434,139,435,139,436,139,437,139,438,139,439,139,440,139,441,139,441,138,441,138,441,138,440,138,439,138,438
1,9,437,9,165,437,165,436,165,435,165,434,165,434,165,435,165,436,165,437,165,438,165,439,165,440,165,441,165,441,165,440,165,439,165,438
1,9,437,9,192,437,192,436,192,435,192,434,192,434,193,434,193,434,193,435,193,436,193,437,193,438,193,439,193,439,192,439,192,440,193,441,193,441,192,441,192,441,192,440,192,439,192,438
1,9,438,9,218,438,218,437,218,436,219,435,219,434,219,434,219,435,219,436,219,437,219,438,219,439,219,440,219,441,219,441,219,440,218,439
1,9,438,9,248,438,248,437,248,436,248,435,248,434,249,434,249,435,249,436,249,437,249,438,249,439,249,440,249,441,248,441,248,440,248,439
1,9,438,9,275,438,275,437,275,436,276,435,276,434,276,434,276,435,276,436,276,437,276,438,276,439,276,440,276,441,276,441,276,440,275,440,275,440,275,439
1,9,438,9,302,438,302,437,302,436,302,435,302,434,303,434,303,435,303,436,303,437,303,438,303,439,303,440,303,441,302,441,302,440,302,439
1,9,438,9,313,438,313,437,313,436,313,435,313,434,314,434,314,435,314,436,314,437,314,438,314,439,314,440,314,441,313,441,313,440,313,439
1,9,438,9,340,438,340,437,340,436,340,435,340,434,341,434,341,435,341,436,341,437,341,438,341,439,341,440,341,441,340,441,340,440,340,439
1,9,438,9,367,438,367,437,367,436,368,435,368,434,368,434,368,435,368,436,368,437,368,438,368,439,368,440,368,441,367,441,367,440,367,439
1,9,438,9,394,438,394,437,394,436,394,435,394,434,395,434,395,435,395,436,395,437,395,438,395,439,395,440,395,441,394,441,394,440,394,439
1,9,438,9,420,438,420,437,420,436,420,435,420,435,421,435,421,434,421,434,421,435,421,436,421,437,421,438,421,439,421,440,421,441,420,441,420,440,420,439
1,9,438,9,447,438,447,437,447,436,447,435,447,434,448,434,448,435,448,436,448,437,448,438,448,439,448,440,448,441,447,441,447,440,447,439
1,9,438,9,474,438,474,437,474,436,474,435,474,434,475,434,475,435,475,436,475,437,475,438,475,439,475,440,475,441,474,441,474,440,474,439
1,9,438,9,500,438,500,437,500,436,500,435,500,434,501,434,501,435,501,436,501,437,501,438,501,439,501,440,501,441,500,441,500,440,500,439
1,9,438,9,526,438,526,437,526,436,527,435,527,434,527,434,527,435,527,436,527,437,527,438,527,439,527,440,527,441,526,441,526,440,526,439
1,9,438,9,538,438,538,437,538,436,538,435,538,434,539,434,539,435,539,436,539,437,539,438,539,439,539,440,539,441,538,441,538,440,538,439
1,9,438,9,565,438,565,437,565,436,565,435,565,434,566,434,566,435,566,436,566,437,566,438,566,439,566,440,566,441,565,441,565,440,565,439
1,9,438,9,591,438,591,437,591,436,591,435,591,435,592,435,592,434,592,434,592,435,592,436,592,437,592,438,592,439,592,440,592,441,591,441,591,440,591,439
1,9,438,9,618,438,618,437,618,436,618,435,618,434,619,434,619,435,619,436,619,437,619,438,619,439,619,440,619,441,618,441,618,440,618,439
1,9,438,9,645,438,645,437,645,436,645,435,645,434,646,434,646,435,646,436,646,437,646,438,646,439,646,440,646,441,645,441,645,440,645,439
1,9,438,9,672,438,672,437,672,436,672,435,672,434,673,434,673,435,673,436,673,437,673,438,673,439,673,440,673,441,672,441,672,440,672,439
1,9,438,9,700,438,700,437,700,436,700,435,700,435,701,435,701,434,701,434,701,435,701,436,701,437,701,438,701,439,701,440,701,441,701,441,701,440,700,439
1,9,438,9,727,438,727,437,727,436,727,435,727,434,728,434,728,435,728,436,728,437,728,438,728,439,728,440,728,441,727,441,727,440,727,439
1,9,438,9,753,438,753,437,753,436,754,435,754,434,754,434,754,435,754,436,754,437,754,438,754,439,754,440,754,441,754,441,754,440,753,440,753,440,753,439
1,9,438,9,765,438,765,437,765,436,765,435,765,434,765,434,765,435,766,436,766,437,766,438,766,439,765,440,765,441,765,441,765,440,765,439
1,9,438,9,791,438,791,437,791,436,791,435,791,434,792,434,792,435,792,436,792,437,792,438,792,439,792,440,792,441,791,441,791,440,791,439
1,9,438,9,818,438,818,437,818,436,818,435,818,434,819,434,819,435,819,436,819,437,819,438,819,439,819,440,819,441,818,441,818,440,818,439
1,9,438,9,844,438,844,437,844,436,844,435,844,434,845,434,845,435,845,436,845,437,845,438,845,439,845,440,845,441,844,441,844,440,844,439
1,9,438,9,870,438,870,437,870,436,870,435,870,435,871,435,871,434,871,434,871,435,871,436,871,437,871,438,871,439,871,440,871,441,870,441,870,440,870,439
1,9,438,9,897,438,897,437,897,436,897,435,897,434,898,434,898,435,898,436,898,437,898,438,898,439,898,440,898,441,897,441,897,440,897,439
1,9,437,9,923,437,923,436,923,435,923,434,923,433,924,433,924,434,924,435,924,436,924,437,924,438,924,439,924,440,923,440,923,439,923,438
1,9,437,9,949,437,949,436,949,435,950,434,950,433,950,433,950,434,950,435,950,436,950,437,950,438,950,439,950,440,949,440,949,439,949,438
1,9,437,9,980,437,980,436,980,435,980,434,980,433,981,433,981,434,981,435,981,436,981,437,981,438,981,439,981,440,980,440,980,439,980,438
1,2,405,9,17,405,17,404,17,404,18,404,18,403,18,403,19,403,20,403,20,404,19,405,18,406,18,407,18,407,17,407,16,407,16,406
1,2,405,9,25,405,25,404,25,403,25,403,25,404,25,405,25,406,25,407,25,407,25,406
1,2,405,9,45,405,45,404,45,403,46,403,47,403,48,403,49,403,50,403,51,403,52,403,53,403,54,403,55,403,55,403,54,404,54,405,54,405,53,405,53,406,53,407,52,407,51,407,50,407,49,407,48,407,47,407,46,407,45,407,45,407,45,406
1,2,405,9,85,405,85,404,85,403,86,403,87,403,88,403,89,403,90,403,91,403,92,403,93,403,94,403,95,403,96,403,97,403,97,403,97,404,97,405,96,406,95,407,94,407,93,407,92,407,91,407,90,407,89,407,88,407,87,407,86,407,85,407,84,407,84,406
1,2,405,9,165,405,165,404,165,403,166,403,167,403,168,403,169,403,170,403,171,403,172,403,173,403,174,403,175,403,175,403,174,403,173,403,173,404,173,404,172,404,171,404,170,404,169,404,168,404,167,404,166,404,165,405,165,406,165,407,165,407,165,406
1,2,405,9,236,405,237,404,238,403,239,403,240,403,241,403,242,403,243,403,244,403,245,403,246,403,247,403,248,403,249,403,250,403,251,403,252,403,253,403,254,403,255,403,256,403,257,403,258,403,258,403,257,404,256,404,255,404,255,405,255,405,254,405,253,405,252,405,251,405,250,405,249,406,249,407,249,407,248,407,247,407,246,407,245,407,244,407,243,407,242,407,241,407,240,407,239,407,238,407,237,407,236,407,235,407,235,406
1,2,405,9,302,405,302,404,302,403,303,403,303,404,303,405,303,406,303,407,303,407,302,407,302,407,302,406
1,2,405,9,340,405,340,404,340,403,341,403,342,403,343,403,344,403,345,403,346,403,347,403,348,403,349,403,350,403,350,403,349,404,348,404,347,404,347,405,347,405,346,405,345,405,344,405,343,405,342,405,341,406,341,407,341,407,340,407,340,407,340,406
1,2,405,9,421,405,421,404,421,404,422,404,422,403,422,403,423,403,424,403,425,403,426,403,427,403,428,403,429,403,430,403,431,403,432,403,433,403,433,403,433,404,433,405,433,406,433,406,432,406,432,407,432,407,431,407,430,407,429,407,428,407,427,407,426,407,425,407,424,407,423,407,422,407,421,407,420,407,420,407,421,407,421,406
1,2,405,9,505,405,506,405,507,405,508,405,509,405,510,405,511,406,512,406,512,406,512,407,512,407,511,407,510,407,509,407,508,407,507,407,506,407,505,407,504,407,503,407,502,407,502,407,503,407,503,406,503,406,504,406
1,2,405,9,527,405,527,404,527,403,527,403,527,404,527,405,527,406,527,407,527,407,527,406
1,2,405,9,538,405,538,404,538,404,539,404,539,403,539,403,540,403,541,403,542,403,543,403,544,403,545,403,546,403,547,403,548,403,549,403,550,403,550,403,550,404,550,405,550,406,550,406,549,406,549,407,549,407,548,407,547,407,546,407,545,407,544,407,543,407,542,407,541,407,540,407,539,407,538,407,538,407,538,406
1,2,405,9,618,405,618,404,618,403,619,403,620,403,621,403,622,403,623,403,624,403,625,403,626,403,627,403,628,403,628,403,627,404,626,404,625,404,625,405,625,405,624,405,623,405,622,405,621,405,620,405,619,406,619,407,619,407,618,407,618,407,618,406
1,2,405,9,688,405,689,405,690,405,690,404,690,403,691,403,692,403,693,403,694,403,695,403,696,403,697,403,698,403,699,403,700,403,701,403,702,403,703,403,704,403,705,403,706,403,707,403,708,403,709,403,710,403,711,403,711,403,710,403,709,404,708,404,707,404,707,405,707,405,706,405,705,405,704,405,703,405,702,405,701,406,701,407,701,407,700,407,699,407,698,407,697,407,696,407,695,407,694,407,693,407,692,407,691,407,690,407,689,407,688,407,687,407,687,406
1,2,405,9,754,405,754,404,754,403,754,403,754,404,754,405,754,406,754,407,754,407,754,406
1,2,405,9,791,405,791,404,791,403,792,403,793,403,794,403,795,403,796,403,797,403,798,403,799,403,800,403,801,403,802,403,802,403,801,403,800,404,799,404,798,404,798,405,798,405,797,405,796,405,795,405,794,405,793,405,792,406,792,407,792,407,791,407,791,407,791,406
1,2,405,9,871,405,871,404,871,404,872,404,872,403,872,403,873,403,874,403,875,403,876,403,877,403,878,403,879,403,880,403,881,403,882,403,883,403,883,403,883,404,883,405,883,406,883,406,882,406,882,407,882,407,881,407,880,407,879,407,878,407,877,407,876,407,875,407,874,407,873,407,872,407,871,407,871,407,871,406
1,2,404,9,955,404,956,404,957,404,958,404,959,404,959,404,959,405,960,405,961,405,962,406,962,406,961,406,960,406,959,406,958,406,957,406,956,406,955,406,954,406,953,406,952,406,952,406,953,406,953,405,953,405,954,405
1,2,404,9,980,404,980,403,980,402,981,402,981,403,981,404,981,405,981,406,981,406,980,406,980,406,980,405
1,4,415,9,14,415,14,414,14,413,15,413,16,413,17,413,17,414,17,415,17,416,17,417,17,417,16,417,15,417,14,417,14,417,14,416
1,4,415,9,25,415,25,414,25,413,25,413,25,414,25,415,25,416,26,417,26,417,25,417,24,417,24,417,25,417,25,416
1,4,414,9,38,414,39,413,40,412,41,412,42,412,43,412,44,412,45,412,46,412,47,412,48,412,49,412,49,412,48,412,48,413,48,414,48,415,49,415,49,415,49,416,49,416,48,416,47,416,46,415,45,415,44,416,43,416,42,416,41,416,40,416,39,416,38,416,37,416,37,416,38,416,38,415
1,4,414,9,84,414,84,413,84,412,85,412,85,413,85,414,85,415,85,416,85,416,84,416,84,416,84,415
1,4,414,9,112,414,112,413,112,413,113,413,113,412,113,412,114,412,115,412,116,412,117,412,118,412,119,412,120,412,121,412,122,412,123,412,124,412,124,412,124,413,124,414,124,415,124,415,123,415,123,416,123,416,122,416,121,416,120,416,119,416,118,416,117,416,116,416,115,416,114,416,113,416,112,416,112,416,112,415
1,4,414,9,165,414,165,413,165,412,165,412,165,413,165,414,165,415,165,416,165,416,165,415
1,4,414,9,193,414,193,413,193,413,194,413,194,412,194,412,195,412,196,412,197,412,198,412,199,412,200,412,201,412,202,412,203,412,204,412,204,413,204,414,204,415,203,416,202,416,201,416,200,416,199,416,198,416,197,416,196,416,195,416,194,416,193,416,192,416,192,415
1,4,414,9,238,414,238,413,238,412,239,412,239,413,239,414,239,414,238,414,238,415,238,415
1,4,414,9,248,414,248,413,248,412,249,412,249,413,249,414,249,415,249,416,249,416,248,416,248,416,248,415
1,4,414,9,276,414,276,413,276,413,277,413,277,412,277,412,278,412,279,412,280,412,281,412,282,412,283,412,284,412,285,412,286,412,287,412,288,412,288,412,288,413,288,414,288,415,288,416,287,416,286,416,285,416,284,416,283,416,282,416,281,416,280,416,279,416,278,416,277,416,276,416,276,416,276,415
1,4,414,9,302,414,302,413,302,412,303,412,303,413,303,414,303,415,303,416,303,416,302,416,302,416,302,415
1,4,414,9,340,414,340,413,340,412,341,412,341,413,341,414,341,415,341,416,341,416,340,416,340,416,340,415
1,4,414,9,368,414,368,413,368,413,369,413,369,412,369,412,370,412,371,412,372,412,373,412,374,412,375,412,376,412,377,412,378,412,379,412,380,412,380,412,380,413,380,414,380,415,380,415,379,415,379,416,379,416,378,416,377,416,376,416,375,416,374,416,373,416,372,416,371,416,370,416,369,416,368,416,368,416,368,415
1,4,415,9,420,415,420,414,420,413,421,413,421,414,421,415,421,416,421,417,421,417,420,417,420,417,420,416
1,4,415,9,447,415,448,414,448,413,448,413,449,413,450,413,451,413,452,413,453,413,454,413,455,413,456,413,457,413,458,413,459,413,459,413,459,414,459,415,459,416,459,416,458,416,458,417,458,417,457,417,456,417,455,417,454,417,453,417,452,417,451,417,450,417,449,417,448,417,447,417,447,417,447,416
1,4,415,9,477,415,478,415,479,415,480,414,481,414,482,414,483,414,484,415,485,415,485,415,485,416,486,416,486,416,486,417,486,417,485,417,484,417,483,417,482,417,481,417,480,417,479,417,478,417,477,417,476,417,475,417,475,417,476,416
1,4,414,9,500,414,500,413,500,412,501,412,502,412,503,412,504,412,505,412,506,412,507,412,508,412,509,412,510,412,511,412,511,412,510,412,510,413,510,413,509,413,508,414,507,414,506,414,505,414,504,414,503,414,502,414,501,415,501,416,501,416,500,416,500,416,500,415
1,4,414,9,527,414,527,413,527,412,527,412,527,413,527,414,527,415,527,416,527,416,527,415
1,4,414,9,538,414,538,413,538,412,539,412,539,413,539,414,539,415,539,416,539,416,538,416,538,416,538,415
1,4,414,9,565,415,566,414,566,413,566,413,567,413,568,413,569,413,570,413,571,413,572,413,573,413,574,413,575,413,576,413,577,413,577,413,577,414,577,415,577,416,577,416,576,416,576,417,576,417,575,417,574,417,573,417,572,417,571,417,570,417,569,417,568,417,567,417,566,417,565,417,565,417,565,416
1,4,414,9,618,414,618,413,618,412,619,412,619,413,619,414,619,415,619,416,619,416,618,416,618,416,618,415
1,4,414,9,646,414,646,413,646,413,647,413,647,412,647,412,648,412,649,412,650,412,651,412,652,412,653,412,654,412,655,412,656,412,657,412,658,412,658,412,658,413,658,414,658,415,658,415,657,415,657,416,657,416,656,416,655,416,654,416,653,416,652,416,651,416,650,416,649,416,648,416,647,416,646,416,645,416,645,416,646,416,646,415
1,4,414,9,690,414,690,413,690,412,691,412,691,413,691,414,691,415,690,415
1,4,414,9,701,414,701,413,701,412,701,412,701,413,701,414,701,415,701,416,700,416,700,416,701,416,701,415
1,4,414,9,728,414,728,413,728,413,729,413,729,412,729,412,730,412,731,412,732,412,733,412,734,412,735,412,736,412,737,412,738,412,739,412,740,413,740,414,739,415,739,416,739,416,738,416,737,416,736,416,735,416,734,416,733,416,732,416,731,416,730,416,729,416,728,416,727,416,727,415
1,4,415,9,754,415,754,414,754,413,754,413,754,414,754,415,754,416,754,417,754,417,754,416
1,4,414,9,791,414,791,413,791,412,792,412,792,413,792,414,792,415,792,416,792,416,791,416,791,416,791,415
1,4,414,9,818,414,819,413,820,412,821,412,822,412,823,412,824,412,825,412,826,412,827,412,828,412,829,412,830,412,830,412,830,413,830,414,830,415,830,416,829,416,828,416,827,416,826,416,825,416,824,416,823,416,822,416,821,416,820,416,819,416,818,416,818,416,818,415
1,4,414,9,871,414,871,413,871,412,871,412,871,413,871,414,871,415,871,416,871,416,871,415
1,4,414,9,898,414,898,413,898,413,899,413,899,412,899,412,900,412,901,412,902,412,903,412,904,412,905,412,906,412,907,412,908,412,909,412,909,413,909,414,909,415,908,416,907,416,906,416,905,416,904,416,903,416,902,416,901,416,900,416,899,416,898,416,897,416,897,415
1,4,414,9,928,414,929,414,930,414,931,414,932,414,933,414,934,414,934,414,934,415,935,415,935,415,935,416,935,416,934,416,933,416,932,416,931,416,930,416,929,416,928,416,927,416,926,416,925,416,925,416,926,416,926,415,926,415,927,415
1,4,414,9,950,414,950,413,950,412,951,412,952,412,953,412,954,412,955,412,956,412,957,412,958,412,959,412,960,412,960,412,959,412,958,412,958,413,958,413,957,413,956,414,955,414,954,414,953,414,952,414,951,414,950,414,950,415,950,416,950,416,950,415
1,4,414,9,980,414,980,413,980,412,981,412,981,413,981,414,981,415,981,416,981,416,980,416,980,416,980,415
1,6,424,9,14,424,14,423,14,422,15,422,16,422,17,422,18,422,18,422,18,423,18,424,18,425,18,426,17,426,16,426,15,426,14,425
1,6,424,9,25,424,25,423,25,422,25,422,25,423,25,424,25,425,25,426,25,426,25,425
1,6,423,9,35,423,35,422,35,422,36,422,36,421,36,421,37,421,38,421,39,421,40,421,41,421,42,421,43,421,44,421,45,421,46,421,47,421,48,421,49,421,50,421,51,421,52,421,53,421,54,421,55,421,56,421,57,422,57,423,57,424,58,424,58,424,58,425,58,425,57,425,56,425,55,425,54,425,53,425,52,425,51,425,50,425,49,425,48,425,47,425,46,425,45,425,44,425,43,425,42,425,41,425,40,425,39,425,38,425,37,425,36,425,35,425,35,425,35,424
1,6,423,9,84,423,84,422,84,421,85,421,85,422,85,423,85,424,85,425,85,425,84,425,84,425,84,424
1,6,423,9,112,423,112,422,112,421,113,421,113,422,112,423,112,424,113,425,113,425,112,425,112,425,112,424
1,6,423,9,138,423,139,422,140,421,141,421,142,421,143,421,144,421,145,421,146,421,147,421,148,421,149,421,150,421,150,421,150,422,150,423,150,424,150,425,149,425,148,425,147,425,146,425,145,425,144,425,143,425,142,425,141,425,140,425,139,425,138,425,138,425,138,424
1,6,423,9,165,423,165,422,165,421,165,421,165,422,165,423,165,424,165,425,165,425,165,424
1,6,423,9,192,423,192,422,192,421,193,421,193,422,193,423,193,424,193,425,193,425,192,425,192,425,192,424
1,6,423,9,219,424,219,423,219,423,220,423,220,422,220,422,221,422,222,422,223,422,224,422,225,422,226,422,227,422,228,422,229,422,230,422,231,422,231,422,231,423,231,424,230,425,230,426,230,426,229,426,228,426,227,426,226,426,225,426,224,426,223,426,222,426,221,426,220,426,219,426,219,426,219,425
1,6,424,9,248,424,248,423,248,422,249,422,249,423,249,424,249,425,249,426,249,426,248,426,248,426,248,425
1,6,424,9,276,424,276,423,276,422,276,422,276,423,276,424,276,425,276,426,276,426,276,425
1,6,424,9,302,424,302,423,302,422,303,422,303,423,303,424,303,425,303,426,303,426,302,426,302,426,302,425
1,6,423,9,314,424,314,423,314,422,315,422,316,422,317,422,318,422,319,422,320,422,321,422,322,422,323,422,324,422,325,422,326,422,326,422,326,423,326,424,325,425,324,426,323,426,322,426,321,426,320,426,319,426,318,426,317,426,316,426,315,426,314,426,313,426,313,425
1,6,423,9,340,423,340,422,340,421,341,421,341,422,341,423,341,424,341,425,341,425,340,425,340,425,340,424
1,6,423,9,368,423,368,422,368,421,368,421,368,422,368,423,368,424,368,425,368,425,368,424
1,6,423,9,394,424,395,423,395,422,395,422,396,422,397,422,398,422,399,422,400,422,401,422,402,422,403,422,404,422,405,422,406,422,406,422,406,423,406,424,406,425,406,425,405,425,405,426,405,426,404,426,403,426,402,426,401,426,400,426,399,426,398,426,397,426,396,426,395,426,394,426,394,426,394,425
1,6,424,9,420,424,420,423,420,422,421,422,421,423,421,424,421,425,421,426,421,426,420,426,420,426,420,425
1,6,424,9,447,424,447,423,447,422,448,422,448,423,448,424,448,425,448,426,448,426,447,426,447,426,447,425
1,6,424,9,474,424,474,423,474,422,475,422,476,422,477,422,478,422,479,422,480,422,481,422,482,422,483,422,484,422,484,422,483,422,482,422,482,423,482,423,481,423,480,424,479,424,478,424,477,424,476,424,475,425,475,426,475,426,474,426,474,426,474,425
1,6,424,9,500,424,500,423,500,422,501,422,501,423,501,424,501,425,501,426,501,426,500,426,500,426,500,425
1,6,424,9,527,424,527,423,527,422,527,422,527,423,527,424,527,425,527,426,527,426,527,425
1,6,424,9,538,424,538,423,538,422,539,422,539,423,539,424,539,425,539,426,539,426,538,426,538,426,538,425
1,6,424,9,565,424,565,423,565,422,566,422,566,423,566,424,566,425,566,426,566,426,565,426,565,426,565,425
1,6,424,9,592,424,592,423,592,423,593,423,593,422,593,422,594,422,595,422,596,422,597,422,598,422,599,422,600,422,601,422,602,422,603,422,604,422,604,422,604,423,604,424,604,425,604,425,603,425,603,426,603,426,602,426,601,426,600,426,599,426,598,426,597,426,596,426,595,426,594,426,593,426,592,426,591,426,591,426,592,426,592,425
1,6,424,9,618,424,618,423,618,422,619,422,619,423,619,424,619,425,619,426,619,426,618,426,618,426,618,425
1,6,423,9,645,423,645,422,645,421,646,421,646,422,646,423,646,424,646,425,646,425,645,425,645,425,645,424
1,6,424,9,672,424,672,423,672,423,673,423,673,422,673,422,674,422,675,422,676,422,677,422,678,422,679,422,680,422,681,422,682,422,683,422,684,422,684,422,684,423,684,424,684,425,684,425,683,425,683,426,683,426,682,426,681,426,680,426,679,426,678,426,677,426,676,426,675,426,674,426,673,426,672,426,672,426,672,425
1,6,424,9,701,424,701,423,701,422,701,422,701,423,701,424,701,425,701,426,701,426,701,425
1,6,424,9,727,424,727,423,727,422,728,422,728,423,728,424,728,425,728,426,728,426,727,426,727,426,727,425
1,6,424,9,754,424,754,423,754,422,754,422,754,423,754,424,754,425,754,426,754,426,754,425
1,6,424,9,765,424,765,423,765,423,766,423,766,422,766,422,767,422,768,422,769,422,770,422,771,422,772,422,773,422,774,422,775,422,776,422,777,422,777,422,777,423,777,424,776,425,776,426,776,426,775,426,774,426,773,426,772,426,771,426,770,426,769,426,768,426,767,426,766,426,765,426,765,426,765,425
1,6,424,9,791,424,791,423,791,422,792,422,792,423,792,424,792,425,792,426,792,426,791,426,791,426,791,425
1,6,424,9,818,424,818,423,818,422,819,422,819,423,819,424,819,425,819,426,819,426,818,426,818,426,818,425
1,6,423,9,845,424,845,423,845,422,846,422,847,422,848,422,849,422,850,422,851,422,852,422,853,422,854,422,855,422,856,422,856,423,856,424,856,425,855,426,854,426,853,426,852,426,851,426,850,426,849,426,848,426,847,426,846,426,845,426,844,426,844,425
1,6,424,9,871,424,871,423,871,422,871,422,871,423,871,424,871,425,871,426,870,426,870,426,871,426,871,425
1,6,423,9,897,423,897,422,897,421,898,421,898,422,898,423,898,424,898,425,898,425,897,425,897,425,897,424
1,6,423,9,923,423,923,422,923,421,924,421,925,421,926,421,927,421,928,421,929,421,930,421,931,421,932,421,933,421,934,421,934,421,933,421,933,422,933,422,932,422,931,423,930,423,929,423,928,423,927,423,926,423,925,423,924,424,924,425,924,425,923,425,923,425,923,424
1,6,423,9,950,423,950,422,950,421,950,421,950,422,950,423,950,424,950,425,950,425,950,424
1,6,423,9,980,423,980,422,980,421,981,421,981,422,981,423,981,424,981,425,981,425,980,425,980,425,980,424
1,8,433,9,16,433,16,432,16,431,17,431,18,431,19,431,20,432,20,433,20,434,20,435,19,435,18,435,17,435,16,435,16,435,16,434
1,8,433,9,25,433,25,432,25,431,25,431,25,432,25,433,25,434,25,435,24,435,24,434
1,8,432,9,38,432,38,431,37,431,37,431,37,430,37,430,38,430,39,430,40,430,40,430,40,431,41,431,41,431,41,432,42,433,43,434,44,434,44,434,43,434,42,434,41,434,40,434,40,434,40,433,39,433,39,433,39,432,38,432
1,8,432,9,46,432,46,431,45,431,44,431,43,430,43,430,44,430,45,430,46,430,46,430,46,431,46,432
1,8,432,9,50,432,50,431,49,431,49,431,49,430,49,430,50,430,51,430,52,430,53,430,54,430,55,430,56,430,57,430,58,430,58,430,58,431,58,431,57,431,57,432,57,433,56,434,55,434,54,434,53,434,52,434,51,434,50,434,50,434,50,433
1,8,432,9,84,432,84,431,84,430,85,430,85,431,85,432,85,433,85,434,85,434,84,434,84,434,84,433
1,8,432,9,112,432,112,431,112,430,112,430,112,431,112,432,112,433,112,434,112,434,112,433
1,8,432,9,138,432,138,431,138,430,139,430,139,431,139,432,139,433,139,434,139,434,138,434,138,434,138,433
1,8,432,9,165,432,165,431,165,430,165,430,165,431,165,432,165,433,165,434,165,434,165,433
1,8,432,9,192,432,192,431,192,430,193,430,193,431,193,432,193,433,193,434,193,434,192,434,192,434,192,433
1,8,433,9,219,433,219,432,219,431,219,431,219,432,219,433,219,434,219,435,219,435,219,434
1,8,433,9,248,433,248,432,248,431,249,431,249,432,249,433,249,434,249,435,249,435,248,435,248,435,248,434
1,8,433,9,276,433,276,432,276,431,276,431,276,432,276,433,276,434,276,435,276,435,276,434
1,8,433,9,302,433,302,432,302,431,303,431,303,432,303,433,303,434,303,435,303,435,302,435,302,435,302,434
1,8,433,9,313,433,313,432,313,431,314,431,314,432,314,433,314,434,314,435,314,435,313,435,313,435,313,434
1,8,433,9,340,433,340,432,340,431,341,431,341,432,341,433,341,434,341,435,341,435,340,435,340,435,340,434
1,8,433,9,368,433,368,432,368,431,368,431,368,432,368,433,368,434,368,435,368,435,368,434
1,8,433,9,394,433,394,432,394,431,395,431,395,432,395,433,395,434,395,435,395,435,394,435,394,435,394,434
1,8,433,9,420,433,420,432,420,431,421,431,421,432,421,433,421,434,421,435,421,435,420,435,420,435,421,434,421,433,420,433
1,8,433,9,447,433,447,432,447,431,448,431,448,432,448,433,448,434,448,435,448,435,447,435,447,435,447,434
1,8,433,9,474,433,474,432,474,431,475,431,475,432,475,433,475,434,475,435,475,435,474,435,474,435,474,434
1,8,433,9,500,433,500,432,500,431,501,431,501,432,501,433,501,434,501,435,501,435,500,435,500,435,500,434
1,8,433,9,527,433,527,432,527,431,527,431,527,432,527,433,527,434,527,435,527,435,527,434
1,8,433,9,538,433,538,432,538,431,539,431,539,432,539,433,539,434,539,435,539,435,538,435,538,435,538,434
1,8,433,9,565,433,565,432,565,431,566,431,566,432,566,433,566,434,566,435,566,435,565,435,565,435,565,434
1,8,433,9,592,433,592,432,592,431,592,431,592,432,592,433,592,434,592,435,591,435,591,435,592,435,592,434
1,8,433,9,618,433,618,432,618,431,619,431,619,432,619,433,619,434,619,435,619,435,618,435,618,435,618,434
1,8,433,9,645,433,645,432,645,431,646,431,646,432,646,433,646,434,646,435,646,435,645,435,645,435,645,434
1,8,433,9,672,433,672,432,672,431,673,431,673,432,673,433,673,434,673,435,673,435,672,435,672,435,672,434
1,8,434,9,700,435,701,434,701,433,701,433,701,434,701,435,701,436,701,437,701,437,700,437,700,437,700,436
1,8,433,9,727,433,727,432,727,431,728,431,728,432,728,433,728,434,728,435,728,435,727,435,727,435,727,434
1,8,433,9,754,433,754,432,754,431,754,431,754,432,754,433,754,434,754,435,754,435,754,434
1,8,433,9,765,433,765,432,765,431,765,431,765,432,765,433,765,434,765,435,765,435,765,434
1,8,433,9,791,433,791,432,791,431,792,431,792,432,792,433,792,434,792,435,792,435,791,435,791,435,791,434
1,8,433,9,818,433,818,432,818,431,819,431,819,432,819,433,819,434,819,435,819,435,818,435,818,435,818,434
1,8,433,9,844,433,844,432,844,431,845,431,845,432,845,433,845,434,845,435,845,435,844,435,844,435,844,434
1,8,433,9,871,433,871,432,871,431,871,431,871,432,871,433,871,434,871,435,870,435,870,435,871,435,871,434
1,8,433,9,897,433,897,432,897,431,898,431,898,432,898,433,898,434,898,435,898,435,897,435,897,435,897,434
1,8,432,9,923,432,923,431,923,430,924,430,924,431,924,432,924,433,924,434,924,434,923,434,923,434,923,433
1,8,432,9,950,432,950,431,950,430,950,430,950,431,950,432,950,433,950,434,950,434,950,433
1,8,432,9,980,432,980,431,980,430,981,430,981,431,981,432,981,433,981,434,981,434,980,434,980,434,980,433
