1,1,170,10,26,170,26,170,26,171,26,172,26,173,26,174,26,174,26,173,26,172,26,171
1,1,170,10,46,170,46,169,46,168,46,167,46,166,47,166,48,166,49,166,49,167,48,168,48,169,48,170,48,171,48,172,48,173,49,173,50,173,51,173,51,172,51,171,51,170,51,169,52,169,53,169,53,168,53,168,54,168,54,167,54,166,55,166,56,166,57,166,57,167,57,168,57,169,57,170,57,171,56,172,56,173,56,173,55,173,55,174,55,174,54,174,53,174,52,174,51,174,50,174,49,174,48,174,47,174,46,174,46,174,46,173,46,172,46,171
1,1,170,10,81,170,81,169,81,169,82,169,83,169,84,169,85,169,86,169,87,169,88,169,88,169,88,170,88,171,88,172,88,172,87,172,87,173,87,173,86,173,86,174,86,174,85,174,84,174,83,174,82,174,81,174,80,174,80,173,81,172,81,171
1,1,170,10,111,170,112,170,113,170,114,170,115,170,116,170,117,170,118,170,119,170,120,169,121,169,121,170,121,171,121,172,121,173,121,174,120,174,119,174,118,174,117,174,116,174,115,174,114,174,113,174,112,174,111,174,110,174,110,173,111,172,111,171
1,1,171,10,186,171,186,170,186,169,187,168,188,167,189,167,190,167,191,167,192,167,193,167,194,167,195,167,196,167,197,167,198,167,198,167,198,168,198,169,198,170,198,171,197,172,196,173,195,173,194,173,194,174,194,174,193,174,192,175,191,175,190,174,189,174,188,174,187,174,187,175,187,175,186,175,186,175,186,174,186,173,186,172
1,1,171,10,255,171,255,170,255,169,255,168,255,167,256,167,257,167,258,167,259,167,260,167,261,167,262,167,263,167,264,167,264,167,263,167,263,168,263,169,263,170,264,170,265,170,265,171,265,172,265,173,265,174,265,175,264,175,263,175,262,175,261,175,260,175,259,175,258,175,257,175,256,175,255,175,255,175,256,175,257,175,257,174,257,173,257,172,256,171,255,171
1,1,171,10,268,171,268,170,268,169,269,168,270,167,271,167,272,167,273,167,274,167,275,167,276,167,277,167,278,167,279,167,280,167,280,167,280,168,280,169,280,170,280,171,279,172,278,173,277,174,276,174,275,174,275,175,275,175,274,175,273,175,272,175,271,175,270,175,269,175,268,175,268,175,268,174,268,173,268,172
1,1,171,10,319,171,319,170,319,170,320,170,320,170,320,171,320,172,320,173,320,174,320,175,320,175,319,175,319,175,319,174,319,173,319,172
1,1,171,10,356,171,356,170,356,169,357,168,358,167,359,167,360,167,361,167,362,167,363,167,364,167,365,167,366,167,367,167,368,167,368,167,368,168,368,169,368,170,368,171,367,172,366,173,365,174,364,174,363,174,363,175,363,175,362,175,361,175,360,175,359,175,358,175,357,175,356,175,356,175,356,174,356,173,356,172
1,1,171,10,435,171,435,170,435,170,436,170,437,170,438,170,439,170,440,170,441,170,442,170,443,170,444,170,445,170,445,171,445,172,445,173,445,174,445,175,444,175,443,175,442,175,441,175,440,175,439,175,438,175,437,175,436,175,435,175,434,175,433,175,433,175,434,174,434,173,434,173,435,173,435,172
1,1,171,10,535,171,535,170,535,170,536,170,536,170,536,171,536,172,536,173,536,174,536,175,536,175,535,175,535,175,535,174,535,173,535,172
1,1,171,10,548,171,549,171,550,171,551,171,552,171,553,171,554,171,554,170,554,170,555,170,556,170,557,171,558,171,558,170,558,170,558,171,558,172,558,173,558,174,558,175,557,175,556,175,555,175,554,175,553,175,552,175,551,175,550,175,549,175,548,175,547,175,547,174,548,173,548,172
1,1,171,10,625,171,625,170,625,169,626,168,627,167,628,167,629,167,630,167,631,167,632,167,633,167,634,167,635,167,636,167,637,168,637,169,637,170,637,171,636,172,635,173,634,174,633,174,632,174,632,175,632,175,631,175,630,175,629,175,628,175,627,175,626,175,625,175,625,175,625,174,625,173,625,172
1,1,171,10,695,171,695,170,695,169,695,168,695,167,696,167,697,167,698,167,699,167,700,167,701,167,702,167,703,167,704,167,704,167,703,167,702,168,702,169,703,170,704,170,704,170,704,171,704,172,704,173,704,174,704,175,704,175,703,175,702,175,701,175,700,175,699,175,698,175,697,175,696,175,695,175,695,175,696,174,697,173,697,172,696,172,696,172,696,171,695,171
1,1,171,10,707,171,707,170,707,170,708,170,708,169,708,169,709,169,709,168,709,168,710,168,710,167,710,167,711,167,712,167,713,167,714,167,715,167,716,167,717,167,718,167,719,167,719,167,719,168,720,168,720,168,720,169,720,170,720,171,720,171,719,171,719,172,719,172,718,172,717,173,716,174,715,174,714,174,714,175,714,175,713,175,712,175,711,175,710,175,709,175,708,175,707,175,707,175,707,174,707,173,707,172
1,1,171,10,758,171,758,170,758,170,759,170,759,170,759,171,759,172,759,173,759,174,759,175,759,175,758,175,758,175,758,174,758,173,758,172
1,1,171,10,795,171,795,170,795,170,796,170,796,169,796,169,797,169,797,168,797,168,798,168,798,167,798,167,799,167,800,167,801,167,802,167,803,167,804,167,805,167,806,167,807,167,807,167,807,168,807,169,807,170,807,171,807,172,807,172,806,172,806,173,806,173,805,173,805,174,805,174,804,174,803,175,802,175,801,175,800,175,799,175,798,175,797,175,796,175,795,175,795,175,795,174,795,173,795,172
1,1,171,10,875,171,875,170,875,170,876,170,877,170,878,170,879,170,880,170,881,170,882,170,883,170,884,170,884,170,884,171,884,172,884,173,884,174,884,175,884,175,883,175,882,175,881,175,880,175,879,175,878,175,877,175,876,175,875,175,874,175,873,175,872,175,872,174,873,173,874,173,875,173,875,172
1,1,171,10,981,171,981,170,981,170,982,170,982,170,982,171,982,172,982,173,982,174,982,175,982,175,981,175,981,175,981,174,981,173,981,172
1,3,180,10,16,180,17,179,17,178,17,177,18,176,19,176,20,176,20,176,19,177,19,178,19,179,18,180,18,181,18,182,18,183,18,184,17,184,16,184,15,184,15,184,16,184,16,183,16,182,16,181
1,3,180,10,25,180,25,179,25,178,25,177,25,177,26,177,26,176,26,176,26,177,26,178,27,178,27,178,27,179,27,180,27,181,27,181,26,181,26,182,26,183,26,184,26,184,26,183,26,182,25,182,25,182,25,181
1,3,180,10,42,180,42,179,42,179,43,179,43,178,43,178,44,178,45,178,46,178,46,177,46,176,47,176,48,176,49,176,50,176,51,176,52,176,53,176,54,176,54,176,54,177,54,178,54,179,54,179,53,179,53,180,53,180,52,180,51,180,50,180,50,181,50,182,50,183,50,184,49,184,48,184,47,184,46,184,45,184,44,184,43,184,42,184,41,184,40,184,39,184,39,184,40,184,40,183,40,183,41,183,41,182,41,182,42,182,42,181
1,3,179,10,75,179,76,179,77,179,78,178,79,177,79,176,79,175,80,175,81,175,82,175,83,175,84,175,85,175,86,175,86,176,86,177,87,177,87,177,87,178,87,179,87,180,87,181,87,182,88,183,89,183,90,183,90,183,89,183,88,183,87,183,86,183,85,183,84,183,83,183,82,183,81,183,80,183,79,183,78,183,77,183,76,183,75,183,75,183,75,182,75,181,75,180
1,3,180,10,109,180,109,179,109,178,109,177,109,176,110,176,111,176,112,176,113,176,114,176,115,176,116,176,117,176,118,176,119,176,120,176,121,176,121,176,120,177,120,178,120,179,120,180,120,180,119,180,118,180,117,180,116,180,115,180,114,180,113,180,112,180,111,180,110,181,110,182,110,183,110,184,110,184,109,184,109,184,109,183,109,182,109,181
1,3,180,10,137,180,137,179,137,179,138,179,139,179,140,179,141,179,142,179,143,179,144,179,145,179,146,179,146,179,146,180,146,181,146,182,147,182,147,182,147,183,147,184,146,184,145,184,144,184,143,184,142,184,141,184,140,184,139,184,138,184,137,184,136,184,135,184,135,184,135,183,135,183,136,183,136,182,136,182,137,182,137,181
1,3,180,10,186,180,186,179,186,178,186,177,186,176,187,176,187,177,187,178,187,179,187,180,187,181,187,182,187,183,187,184,187,184,186,184,186,184,186,183,186,182,186,181
1,3,180,10,213,180,213,179,213,179,214,179,215,179,216,179,217,179,218,179,219,179,220,179,221,179,222,179,223,179,224,179,224,179,224,180,224,181,224,182,224,183,224,184,224,184,223,184,222,184,221,184,220,184,219,184,218,184,217,184,216,184,215,184,214,184,213,184,212,184,212,183,213,182,213,181
1,3,180,10,255,180,255,179,255,178,255,177,255,176,256,176,257,176,258,176,259,176,260,176,261,176,262,176,263,176,264,176,265,176,265,176,264,177,263,178,263,179,263,180,263,181,263,182,263,183,263,183,262,183,262,183,262,182,261,181,260,180,259,180,259,181,259,181,258,181,258,182,258,183,258,184,258,184,257,184,257,184,257,183,257,182,257,181,256,180,255,180
1,3,180,10,267,180,267,179,267,178,268,177,268,176,268,176,268,177,268,178,269,178,269,178,269,179,269,180,269,181,269,181,268,181,268,182,268,183,268,184,268,184,267,184,267,184,267,183,267,183,268,183,268,182,267,181
1,3,180,10,295,180,295,179,295,179,296,179,297,179,298,179,299,179,300,179,301,179,302,179,303,179,304,179,305,179,306,179,306,179,306,180,306,181,306,182,306,183,306,184,306,184,305,184,304,184,303,184,302,184,301,184,300,184,299,184,298,184,297,184,296,184,295,184,294,184,293,184,293,184,294,183,295,182,295,181
1,3,180,10,319,180,319,179,319,178,319,177,319,176,320,176,320,177,320,178,320,179,320,180,320,181,320,182,320,183,320,184,320,184,319,184,319,184,319,183,319,182,319,181
1,3,180,10,356,180,356,179,356,178,356,177,356,176,357,176,357,177,357,178,357,179,357,180,357,181,357,182,357,182,356,182,356,183,356,184,356,184,356,183,356,182,356,181
1,3,180,10,383,180,383,179,383,179,384,179,385,179,386,179,387,179,388,179,389,179,390,179,391,179,392,179,393,179,393,180,393,181,393,182,393,183,394,183,394,183,394,184,394,184,393,184,392,184,391,184,390,184,389,184,388,184,387,184,386,184,385,184,384,184,383,184,382,184,382,183,383,182,383,181
1,3,180,10,432,180,432,179,432,178,433,177,433,176,433,176,434,176,435,176,436,176,437,176,438,176,439,176,440,176,441,176,442,176,443,176,444,176,445,176,445,177,444,178,444,179,444,180,443,180,442,180,441,180,440,180,439,180,438,180,437,180,436,180,435,181,434,182,434,183,434,184,433,184,432,184,432,184,432,183,432,182,432,181
1,3,180,10,460,180,460,179,460,179,461,179,462,179,463,179,464,179,465,179,466,179,467,179,468,179,469,179,470,179,470,180,470,181,470,182,470,183,471,183,471,183,471,184,471,184,470,184,469,184,468,184,467,184,466,184,465,184,464,184,463,184,462,184,461,184,460,184,459,184,459,183,460,182,460,181
1,3,180,10,509,180,509,179,509,179,510,179,511,178,512,177,513,176,514,176,515,176,516,176,517,176,518,176,519,176,520,176,521,176,521,176,521,177,522,178,522,179,522,180,522,181,521,182,520,183,519,183,518,183,518,184,518,184,517,184,516,184,515,184,514,184,513,184,512,184,511,184,510,184,509,184,509,184,509,183,509,182,509,181
1,3,180,10,535,180,535,179,535,178,535,177,535,176,536,176,536,177,536,178,536,179,536,180,536,181,536,182,536,183,536,184,536,184,535,184,535,184,535,183,535,182,535,181
1,3,180,10,546,180,546,179,546,178,546,177,546,176,547,176,548,176,549,176,550,176,551,176,552,176,553,176,554,176,555,176,556,176,557,176,558,176,558,176,558,177,558,177,557,177,557,178,557,179,557,180,557,180,556,180,555,180,554,180,553,180,552,180,551,180,550,180,549,180,548,180,548,181,548,181,547,181,547,182,547,183,547,184,547,184,546,184,546,184,546,183,546,182,546,181
1,3,180,10,575,180,575,179,575,179,576,179,577,179,578,179,579,179,580,179,581,179,582,179,583,179,584,179,585,179,586,179,586,179,586,180,586,181,586,182,586,183,586,184,586,184,585,184,584,184,583,184,582,184,581,184,580,184,579,184,578,184,577,184,576,184,575,184,574,184,574,184,575,184,575,183,575,182,575,181
1,3,180,10,625,180,625,179,625,178,625,177,625,176,625,176,625,177,625,178,625,179,625,180,625,181,625,182,625,183,625,184,625,184,625,183,625,182,625,181
1,3,181,10,654,181,654,180,654,180,655,180,656,180,657,180,658,180,659,180,660,180,661,180,662,180,663,180,664,180,664,181,664,182,664,183,664,184,664,185,663,185,662,185,661,185,660,185,659,185,658,185,657,185,656,185,655,185,654,185,653,185,652,185,652,185,652,184,652,184,653,184,653,183,653,183,654,183,654,182
1,3,180,10,694,180,694,179,694,178,694,177,694,177,695,177,695,176,695,176,696,176,697,176,698,176,699,176,700,176,701,176,702,176,703,176,704,176,704,176,703,177,702,178,702,179,702,180,702,181,702,182,702,183,702,184,702,184,702,183,701,183,701,183,701,182,701,181,701,180,700,180,699,180,698,180,698,181,698,182,698,183,698,184,697,184,696,184,696,184,696,183,696,182,696,181,695,180,694,180
1,3,180,10,707,180,707,179,707,178,707,177,707,176,708,176,708,177,708,178,708,179,708,180,708,181,708,182,708,183,708,184,708,184,707,184,707,184,707,183,707,182,707,181
1,3,180,10,735,180,735,179,735,179,736,179,737,179,738,179,739,179,740,179,741,179,742,179,743,179,744,179,745,179,745,180,745,181,745,182,745,183,745,184,744,184,743,184,742,184,741,184,740,184,739,184,738,184,737,184,736,184,735,184,734,184,733,184,733,184,734,183,735,182,735,181
1,3,180,10,758,180,758,179,758,178,758,177,758,176,759,176,759,177,759,178,759,179,759,180,759,181,759,182,759,183,759,184,759,184,758,184,758,184,758,183,758,182,758,181
1,3,180,10,795,180,795,179,795,178,795,177,795,176,796,176,796,177,796,178,796,179,796,180,796,181,796,182,796,183,796,184,796,184,795,184,795,184,795,183,795,182,795,181
1,3,180,10,823,180,824,180,825,180,826,180,827,180,828,180,829,180,830,180,831,180,832,180,833,180,833,179,833,179,833,180,833,181,833,182,833,183,833,184,832,184,831,184,830,184,829,184,828,184,827,184,826,184,825,184,824,184,823,184,822,184,821,184,821,184,822,183,823,182,823,181
1,3,180,10,872,180,872,179,872,178,872,177,872,176,873,176,874,176,875,176,876,176,877,176,878,176,879,176,880,176,881,176,882,176,883,176,884,176,884,176,883,177,882,178,882,179,882,180,881,180,880,180,879,180,878,180,877,180,876,180,875,180,874,180,873,181,873,182,873,183,872,184,872,184,872,183,872,182,872,181
1,3,180,10,899,180,899,179,899,179,900,179,901,179,902,179,903,179,904,179,905,179,906,179,907,179,908,179,909,179,909,180,909,181,909,182,909,183,909,184,908,184,907,184,906,184,905,184,904,184,903,184,902,184,901,184,900,184,899,184,898,184,898,183,899,182,899,181
1,3,180,10,951,180,951,179,951,179,952,179,952,178,952,178,953,178,953,177,953,177,954,177,954,176,954,176,955,176,956,176,957,176,958,176,959,176,960,176,961,176,962,176,963,176,963,176,963,177,964,177,964,177,964,178,964,179,964,180,964,180,963,180,963,181,963,181,962,181,962,182,962,182,961,182,961,183,961,183,960,183,959,184,958,184,957,184,956,184,955,184,954,184,953,184,952,184,951,184,951,184,951,183,951,182,951,181
1,3,180,10,981,180,981,179,981,178,981,177,981,176,982,176,982,177,982,178,982,179,982,180,982,181,982,182,982,183,982,184,982,184,981,184,981,184,981,183,981,182,981,181
1,5,189,10,15,189,15,188,15,187,15,186,15,185,16,185,17,185,18,185,18,186,18,187,18,188,18,189,19,190,19,191,19,192,19,193,18,193,17,193,16,193,15,193,15,193,15,192,15,191,15,190
1,5,189,10,25,189,25,188,25,187,25,186,25,185,26,185,26,186,26,187,27,187,27,187,27,188,27,189,27,190,27,190,26,190,26,191,26,192,26,193,26,193,26,192,26,191,25,190
1,5,189,10,37,189,37,188,37,187,38,186,39,185,40,185,41,185,42,185,43,185,44,185,45,185,46,185,47,185,48,185,49,185,50,185,50,186,50,187,51,187,52,187,53,188,54,188,55,188,56,188,57,188,57,189,57,190,57,191,57,192,58,192,58,192,58,193,59,193,59,193,58,193,57,193,56,193,55,193,54,193,53,193,52,193,51,193,50,193,49,193,48,193,47,193,46,193,45,193,44,193,44,192,45,191,45,190,44,189,43,189,42,190,42,191,42,191,41,191,41,192,41,193,40,193,39,193,38,193,37,193,36,193,36,192,37,191,37,190
1,5,189,10,81,189,81,188,81,187,81,186,80,185,80,185,81,185,82,185,83,185,84,185,85,185,86,185,87,185,88,185,89,185,89,185,88,186,88,187,88,188,88,189,88,190,87,191,87,192,87,192,86,192,86,193,86,193,85,193,84,193,83,193,82,193,81,193,80,193,80,192,81,191,81,190
1,5,189,10,109,189,109,188,109,187,109,186,109,185,110,185,110,186,110,187,110,188,110,189,110,190,110,191,110,192,110,193,110,193,109,193,109,193,109,192,109,191,109,190
1,5,189,10,134,189,134,188,134,187,134,186,134,186,135,186,135,185,135,185,136,185,137,185,138,185,139,185,140,185,141,185,142,185,143,185,144,185,145,185,146,185,147,185,147,185,146,185,146,186,146,186,145,186,145,187,145,188,145,189,145,189,144,189,143,189,142,189,141,189,140,189,139,189,138,189,137,189,136,189,135,190,135,191,135,192,135,193,135,193,135,192,135,191,135,190,135,189,134,189
1,5,189,10,163,189,163,188,163,188,164,188,165,188,166,188,167,188,168,188,169,188,170,188,171,188,172,188,172,188,172,189,172,190,172,191,172,192,172,193,172,193,171,193,170,193,169,193,168,193,167,193,166,193,165,193,164,193,163,193,162,193,161,193,161,193,161,192,161,192,162,192,162,191,162,191,163,191,163,190
1,5,189,10,186,189,186,188,186,187,186,186,186,185,187,185,187,186,187,187,187,188,187,189,187,190,187,191,187,192,187,193,187,193,186,193,186,193,186,192,186,191,186,190
1,5,189,10,211,189,211,188,211,187,211,186,211,186,212,186,212,185,212,185,213,185,214,185,215,185,216,185,217,185,218,185,219,185,220,185,221,185,222,185,223,185,224,185,224,185,223,185,223,186,223,187,223,188,223,189,222,189,221,189,220,189,219,189,218,189,217,189,216,189,215,189,214,189,213,189,213,190,213,190,212,190,212,191,212,192,212,193,212,193,211,193,211,193,211,192,211,191,211,190
1,5,189,10,239,189,239,188,239,188,240,188,241,188,242,188,243,188,244,188,245,188,246,188,247,188,248,188,249,188,249,189,249,190,249,191,249,192,249,193,248,193,247,193,246,193,245,193,244,193,243,193,242,193,241,193,240,193,239,193,238,193,238,192,239,191,239,190
1,5,189,10,268,189,268,188,268,187,268,186,268,185,268,185,268,186,268,187,268,188,268,189,268,190,268,191,268,192,268,193,268,193,268,192,268,191,268,190
1,5,189,10,293,189,293,188,293,187,293,186,293,185,294,185,295,185,296,185,297,185,298,185,299,185,300,185,301,185,302,185,303,185,304,185,305,185,305,185,305,186,305,186,304,186,304,187,304,188,304,189,304,189,303,189,302,189,301,189,300,189,299,189,298,189,297,189,296,189,295,189,294,190,294,191,294,192,294,193,294,193,293,193,293,193,293,192,293,191,293,190
1,5,189,10,319,189,319,188,319,187,319,186,319,185,320,185,320,186,320,187,320,188,320,189,320,190,320,191,320,192,320,193,320,193,319,193,319,193,319,192,319,191,319,190
1,5,189,10,333,189,333,188,333,188,334,188,335,188,336,188,337,188,338,188,339,188,340,188,341,188,342,188,342,188,342,189,342,190,342,191,342,192,342,193,342,193,341,193,340,193,339,193,338,193,337,193,336,193,335,193,334,193,333,193,332,193,331,193,331,193,331,192,331,192,332,192,332,191,332,191,333,191,333,190
1,5,189,10,356,189,356,188,356,187,356,186,356,185,356,185,356,186,357,187,357,188,357,189,357,190,356,191,356,192,356,193,356,193,356,192,356,191,356,190
1,5,189,10,381,189,381,188,381,187,381,186,381,185,382,185,383,185,384,185,385,185,386,185,387,185,388,185,389,185,390,185,391,185,392,185,393,185,394,185,394,185,393,185,393,186,393,186,392,186,392,187,392,188,392,189,392,189,391,189,390,189,389,189,388,189,387,189,386,189,385,189,384,189,383,189,383,190,383,190,382,190,382,191,382,192,382,193,382,193,381,193,381,193,381,192,381,191,381,190
1,5,189,10,409,189,409,188,409,188,410,188,411,188,412,188,413,188,414,188,415,188,416,188,417,188,418,188,419,188,419,189,419,190,419,191,419,192,419,193,418,193,417,193,416,193,415,193,414,193,413,193,412,193,411,193,410,193,409,193,408,193,408,192,409,191,409,190
1,5,189,10,432,189,432,188,432,187,432,186,432,185,433,185,433,186,433,187,434,188,434,189,434,190,434,191,433,192,433,193,433,193,432,193,432,193,432,192,432,191,432,190
1,5,189,10,433,189,433,188,432,188,432,189
1,5,190,10,458,190,458,189,458,188,458,187,458,186,459,186,460,186,461,186,462,186,463,186,464,186,465,186,466,186,467,186,468,186,469,186,470,186,470,186,469,187,469,188,469,189,469,190,469,190,468,190,467,190,466,190,465,190,464,190,463,190,462,190,461,190,460,190,459,191,459,192,459,193,459,194,459,194,458,194,458,194,458,193,458,192,458,191
1,5,190,10,484,190,484,189,484,188,485,187,486,186,487,186,488,186,489,186,490,186,491,186,492,186,493,186,494,186,495,186,496,186,496,186,496,187,496,188,496,189,496,190,495,191,494,192,493,193,492,193,491,193,491,194,491,194,490,194,489,194,488,194,487,194,486,194,485,194,484,194,484,194,484,193,484,192,484,191
1,5,190,10,509,190,509,189,509,188,509,187,509,186,510,186,510,187,510,188,510,189,510,190,510,191,510,192,510,193,510,194,510,194,509,194,509,194,509,193,509,192,509,191
1,5,190,10,535,190,535,189,535,188,535,187,535,186,536,186,536,187,536,188,536,189,536,190,536,191,536,192,536,193,536,194,536,194,535,194,535,194,535,193,535,192,535,191
1,5,189,10,546,189,546,188,546,187,546,186,546,185,547,185,547,186,547,187,547,188,547,189,547,190,547,191,547,192,547,193,547,193,546,193,546,193,546,192,546,191,546,190
1,5,189,10,574,189,574,188,574,187,574,186,574,185,575,185,576,185,577,185,578,185,579,185,580,185,581,185,582,185,583,185,584,185,585,185,585,186,585,187,585,188,585,189,585,190,584,190,583,190,583,190,583,189,582,189,581,189,580,189,580,190,580,190,579,190,578,190,577,190,576,190,575,190,574,191,574,192,574,193,574,193,574,192,574,191,574,190
1,5,189,10,601,189,602,189,603,189,604,189,605,189,606,189,607,189,607,188,607,188,608,188,609,188,610,188,611,188,611,189,611,190,611,191,611,192,611,193,610,193,609,193,608,193,607,193,606,193,605,193,604,193,603,193,602,193,601,193,600,193,600,192,601,191,601,190
1,5,189,10,625,189,625,188,625,187,625,186,625,185,625,185,625,186,625,187,625,188,625,189,625,190,625,191,625,192,625,193,625,193,625,192,625,191,625,190
1,5,190,10,652,190,652,189,652,188,652,187,652,186,653,186,654,186,655,186,656,186,657,186,658,186,659,186,660,186,661,186,662,186,663,186,664,186,664,186,663,187,663,188,663,189,663,190,663,190,662,190,661,190,660,190,659,190,658,190,657,190,656,190,655,190,654,190,653,191,653,192,653,193,653,194,653,194,652,194,652,194,652,193,652,192,652,191
1,5,190,10,680,190,680,189,680,188,680,188,680,189,681,189,682,189,683,189,683,188,683,188,684,188,685,188,686,188,687,188,688,188,689,188,690,188,690,188,690,189,690,190,690,191,690,192,690,193,690,194,689,194,688,194,687,194,686,194,685,194,684,194,683,194,682,194,681,194,680,194,679,194,678,194,678,194,678,193,678,193,679,193,679,192,679,192,680,192,680,191
1,5,189,10,707,189,707,188,707,187,707,186,707,185,708,185,708,186,708,187,708,188,708,189,708,190,708,191,708,192,708,193,708,193,707,193,707,193,707,192,707,191,707,190
1,5,189,10,733,189,733,188,733,187,733,186,733,185,734,185,735,185,736,185,737,185,738,185,739,185,740,185,741,185,742,185,743,185,744,185,745,185,745,185,745,186,745,186,744,186,744,187,744,188,744,189,744,189,743,189,742,189,741,189,740,189,739,189,738,189,737,189,736,189,735,189,734,190,733,191,733,192,733,193,733,193,733,192,733,191,733,190
1,5,189,10,758,189,758,188,758,187,758,186,758,185,759,185,759,186,759,187,759,188,759,189,759,190,759,191,759,192,759,193,759,193,758,193,758,193,758,192,758,191,758,190
1,5,190,10,772,190,772,189,772,189,773,189,774,189,775,189,776,189,777,189,778,189,779,189,779,188,779,188,780,188,781,188,781,189,781,190,781,191,781,192,782,192,782,192,782,193,782,194,781,194,780,194,779,194,778,194,777,194,776,194,775,194,774,194,773,194,772,194,771,194,770,194,770,194,770,193,770,193,771,193,771,192,771,192,772,192,772,191
1,5,189,10,795,189,795,188,795,187,795,186,795,185,796,185,796,186,796,187,796,188,796,189,796,190,796,191,796,192,796,193,796,193,795,193,795,193,795,192,795,191,795,190
1,5,189,10,821,189,821,188,821,187,821,186,821,185,822,185,823,185,824,185,825,185,826,185,827,185,828,185,829,185,830,185,831,185,832,185,833,185,833,185,833,186,833,186,832,186,832,187,832,188,832,189,832,189,831,189,830,189,829,189,828,189,827,189,826,189,825,189,824,189,823,189,823,190,823,190,822,190,822,191,822,191,821,191,821,192,821,193,821,193,821,192,821,191,821,190
1,5,189,10,849,189,850,189,851,189,852,189,853,189,854,189,855,189,856,189,857,189,858,189,858,190,858,191,858,192,858,193,858,193,857,193,856,193,855,193,854,193,853,193,852,193,851,193,850,193,849,193,848,193,847,193,847,193,848,192,848,191,848,191,849,191,849,190
1,5,189,10,872,189,872,188,872,187,872,186,872,185,872,185,872,186,873,187,873,188,873,189,873,190,872,191,872,192,872,193,872,193,872,192,872,191,872,190
1,5,189,10,897,189,897,188,897,187,897,186,897,185,898,185,899,185,900,185,901,185,902,185,903,185,904,185,905,185,906,185,907,185,908,185,909,185,909,185,909,186,909,186,908,186,908,187,908,188,908,189,908,189,907,189,906,189,905,189,904,189,903,189,902,189,901,189,900,189,899,189,898,190,898,191,898,192,898,193,898,193,897,193,897,193,897,192,897,191,897,190
1,5,189,10,922,189,922,188,922,188,923,188,923,187,923,187,924,187,924,186,924,186,925,186,925,185,925,185,926,185,927,185,928,185,929,185,930,185,931,185,932,185,933,185,934,185,934,185,934,186,934,187,934,188,934,189,934,190,934,190,933,190,933,191,933,191,932,191,932,192,932,192,931,192,930,193,929,193,928,193,927,193,926,193,925,193,924,193,923,193,922,193,922,193,922,192,922,191,922,190
1,5,189,10,951,189,951,188,951,187,951,186,951,185,952,185,952,186,952,187,952,188,952,189,952,190,952,191,952,192,952,193,952,193,951,193,951,193,951,192,951,191,951,190
1,5,189,10,981,189,981,188,981,187,981,186,981,185,982,185,982,186,982,187,982,188,982,189,982,190,982,191,982,192,982,193,982,193,981,193,981,193,981,192,981,191,981,190
1,7,198,10,15,198,15,197,15,196,15,195,15,194,16,194,17,194,18,194,19,194,19,194,19,195,19,196,19,197,19,198,19,199,20,200,20,201,20,202,20,202,19,202,18,202,17,202,16,202,16,201,16,200,16,199,16,198,15,198
1,7,198,10,26,198,26,197,25,197,25,197,26,196,26,195,26,194,26,194,26,195,27,196,27,197,27,198,27,199,26,200,26,201,26,202,26,202,26,201,25,200,25,200,26,200,26,199
1,7,198,10,37,198,37,197,37,196,37,195,36,194,36,194,37,194,38,194,39,194,40,194,41,194,41,194,41,195,41,196,41,197,41,198,41,199,41,200,41,201,42,201,42,201,42,202,42,202,41,202,40,202,39,202,39,202,39,201,38,200,37,199
1,7,198,10,43,198,43,197,43,196,43,195,43,194,44,194,45,194,46,194,47,194,48,194,49,194,50,194,51,194,52,194,53,194,54,194,55,194,56,194,57,194,58,194,59,194,59,194,59,195,60,196,60,197,60,198,60,199,59,200,59,201,59,202,58,202,57,202,56,202,56,201,57,200,57,199,56,199,56,199,56,198,55,198,55,198,55,197,55,196,55,195,54,194,53,194,52,194,51,194,51,195,52,196,52,197,52,198,52,199,52,200,52,201,52,202,53,202,53,202,52,202,51,202,51,202,51,201,50,200,50,199,50,198,49,198,48,199,48,200,48,201,48,202,48,202,47,202,47,202,47,201,46,201,45,201,45,200,45,199,44,199,44,199,44,198,43,198
1,7,198,10,75,198,75,197,74,197,74,198
1,7,198,10,76,198,76,197,75,197,75,198
1,7,198,10,77,198,77,197,76,197,76,198
1,7,198,10,78,198,78,197,77,197,77,198
1,7,198,10,79,198,79,197,78,197,78,198
1,7,198,10,80,198,80,197,79,197,79,198
1,7,198,10,81,198,81,197,80,197,80,198
1,7,198,10,82,198,82,197,81,197,81,198
1,7,198,10,83,198,83,197,82,197,82,198
1,7,198,10,84,198,84,197,83,197,83,198
1,7,198,10,85,198,85,197,84,197,84,198
1,7,198,10,86,198,86,197,85,197,85,198
1,7,198,10,87,198,87,197,86,197,86,198
1,7,198,10,109,198,109,197,109,196,109,195,109,194,110,194,110,195,110,196,110,197,110,198,110,199,110,200,110,201,110,202,110,202,109,202,109,202,109,201,109,200,109,199
1,7,198,10,135,198,135,197,134,197,134,198
1,7,198,10,160,198,160,197,160,196,160,195,160,194,161,194,162,194,163,194,164,194,165,194,166,194,167,194,168,194,169,194,170,194,171,194,172,194,172,194,172,195,172,195,171,195,171,196,171,197,171,198,171,198,170,198,169,198,168,198,167,198,166,198,165,198,164,198,163,198,162,198,162,199,162,199,161,199,161,200,161,201,161,202,161,202,160,202,160,202,160,201,160,200,160,199
1,7,198,10,186,198,186,197,186,196,186,195,186,194,187,194,187,195,187,196,187,197,187,198,187,199,187,200,187,201,187,202,187,202,186,202,186,202,186,201,186,200,186,199
1,7,198,10,211,198,211,197,211,196,211,195,211,194,212,194,212,195,212,196,212,197,212,198,212,199,212,200,212,201,212,202,212,202,211,202,211,202,211,201,211,200,211,199
1,7,198,10,237,198,237,197,237,196,237,195,237,194,238,194,239,194,240,194,241,194,242,194,243,194,244,194,245,194,246,194,247,194,248,194,249,194,249,194,249,195,249,195,248,195,248,196,248,197,248,198,248,199,247,199,246,199,245,199,244,199,243,199,242,199,241,199,240,199,239,199,238,199,238,200,238,201,238,202,238,202,237,202,237,202,237,201,237,200,237,199
1,7,199,10,267,199,267,198,267,197,268,196,268,195,268,195,268,196,268,197,268,198,268,199,268,200,268,201,268,202,268,203,268,203,268,202,268,201,267,200
1,7,199,10,293,199,293,198,293,197,293,196,293,195,294,195,294,196,294,197,294,198,294,199,294,200,294,201,294,202,294,203,294,203,293,203,293,203,293,202,293,201,293,200
1,7,199,10,319,199,319,198,319,197,319,196,319,195,320,195,320,196,320,197,320,198,320,199,320,200,320,201,320,202,320,203,320,203,319,203,319,203,319,202,319,201,319,200
1,7,199,10,330,199,330,198,330,197,330,196,330,195,331,195,332,195,333,195,334,195,335,195,336,195,337,195,338,195,339,195,340,195,341,195,342,195,342,195,341,196,341,197,341,198,340,199,339,199,338,199,337,199,336,199,335,199,334,199,333,199,332,199,331,200,331,201,331,202,331,203,331,203,330,203,330,203,330,202,330,201,330,200
1,7,198,10,356,198,356,197,356,196,356,195,356,194,356,194,356,195,356,196,356,197,357,197,357,197,357,198,357,199,357,200,357,200,356,200,356,201,356,202,356,202,356,201,356,200,356,199
1,7,198,10,381,198,381,197,381,196,381,195,381,194,382,194,382,195,382,196,382,197,382,198,382,199,382,200,382,201,382,202,382,202,381,202,381,202,381,201,381,200,381,199
1,7,199,10,407,199,407,198,407,197,407,196,407,195,408,195,409,195,410,195,411,195,412,195,413,195,414,195,415,195,416,195,417,195,418,195,419,195,419,195,418,196,418,197,418,198,418,199,418,199,417,199,416,199,415,199,414,199,413,199,412,199,411,199,410,199,409,199,408,200,408,201,408,202,408,203,408,203,407,203,407,203,407,202,407,201,407,200
1,7,199,10,432,199,432,198,432,197,432,196,432,195,433,195,433,196,433,197,434,197,434,197,434,198,434,199,434,200,434,201,433,202,433,203,433,203,432,203,432,203,432,202,432,201,432,200
1,7,199,10,458,199,458,198,458,197,458,196,458,195,459,195,459,196,459,197,459,198,459,199,459,200,459,201,459,202,459,203,459,203,458,203,458,203,458,202,458,201,458,200
1,7,199,10,484,199,484,198,484,197,484,196,484,195,485,195,485,196,485,197,485,198,485,199,485,200,485,201,485,202,485,203,485,203,484,203,484,203,484,202,484,201,484,200
1,7,199,10,509,199,509,198,509,197,509,196,509,195,510,195,510,196,510,197,510,198,510,199,510,200,510,201,510,202,510,203,510,203,509,203,509,203,509,202,509,201,509,200
1,7,199,10,535,199,535,198,535,197,535,196,535,195,536,195,536,196,536,197,536,198,536,199,536,200,536,201,536,202,536,203,536,203,535,203,535,203,535,202,535,201,535,200
1,7,199,10,546,199,546,198,546,197,546,196,546,195,547,195,547,196,547,197,547,198,547,199,547,200,547,201,547,202,547,203,547,203,546,203,546,203,546,202,546,201,546,200
1,7,199,10,573,199,573,198,573,197,574,196,574,195,574,195,574,196,574,197,574,198,574,199,574,200,574,201,574,202,574,203,574,203,574,202,574,201,573,200
1,7,199,10,599,199,599,198,599,197,599,196,599,195,600,195,601,195,602,195,603,195,604,195,605,195,606,195,607,195,608,195,609,195,610,195,611,195,611,195,610,196,610,197,610,198,610,199,610,199,609,199,608,199,607,199,606,199,605,199,604,199,603,199,602,199,601,199,600,200,600,201,600,202,600,203,600,203,599,203,599,203,599,202,599,201,599,200
1,7,199,10,625,199,625,198,625,197,625,196,625,195,625,195,625,196,625,197,625,198,625,199,625,200,625,201,625,202,625,203,625,203,625,202,625,201,625,200
1,7,199,10,652,199,652,198,652,197,652,196,652,195,653,195,653,196,653,197,653,198,653,199,653,200,653,201,653,202,653,203,653,203,652,203,652,203,652,202,652,201,652,200
1,7,199,10,678,199,678,198,678,197,678,196,678,195,679,195,680,195,681,195,682,195,683,195,684,195,685,195,686,195,687,195,688,195,689,195,690,195,690,195,689,196,689,197,689,198,689,199,689,199,688,199,687,199,686,199,685,199,684,199,683,199,682,199,681,199,680,199,679,199,678,199,678,200,678,201,678,202,678,203,678,203,678,202,678,201,678,200
1,7,199,10,707,199,707,198,707,197,707,196,707,195,708,195,708,196,708,197,708,198,708,199,708,200,708,201,708,202,708,203,708,203,707,203,707,203,707,202,707,201,707,200
1,7,199,10,733,199,733,198,733,197,733,196,733,195,733,195,733,196,734,197,734,198,734,199,734,200,733,201,733,202,733,203,733,203,733,202,733,201,733,200
1,7,199,10,758,199,758,198,758,197,758,196,758,195,759,195,759,196,759,197,759,198,759,199,759,200,759,201,759,202,759,203,759,203,758,203,758,203,758,202,758,201,758,200
1,7,199,10,769,199,769,198,769,197,769,196,769,195,770,195,771,195,772,195,773,195,774,195,775,195,776,195,777,195,778,195,779,195,780,195,781,195,782,195,782,195,781,195,781,196,781,197,781,198,781,199,780,199,779,199,778,199,777,199,776,199,775,199,774,199,773,199,772,199,771,199,770,200,770,201,770,202,770,203,770,203,769,203,769,203,769,202,769,201,769,200
1,7,199,10,795,199,795,198,795,197,795,196,795,195,796,195,796,196,796,197,796,198,796,199,796,200,796,201,796,202,796,203,796,203,795,203,795,203,795,202,795,201,795,200
1,7,199,10,821,199,821,198,821,197,821,196,821,195,821,195,821,196,822,197,822,198,822,199,822,200,821,201,821,202,821,203,821,203,821,202,821,201,821,200
1,7,199,10,846,199,846,198,846,197,846,196,846,195,847,195,848,195,849,195,850,195,851,195,852,195,853,195,854,195,855,195,856,195,857,195,858,195,858,195,857,196,857,197,857,198,857,199,857,199,856,199,855,199,854,199,853,199,852,199,851,199,850,199,849,199,848,199,847,200,847,201,847,202,847,203,847,203,846,203,846,203,846,202,846,201,846,200
1,7,199,10,872,199,872,198,872,197,872,196,872,195,872,195,872,196,872,197,872,198,872,199,872,200,872,201,872,202,872,203,872,203,872,202,872,201,872,200
1,7,198,10,897,198,897,197,897,196,897,195,897,194,898,194,898,195,898,196,898,197,898,198,898,199,898,200,898,201,898,202,898,202,897,202,897,202,897,201,897,200,897,199
1,7,198,10,922,198,922,197,922,197,923,197,923,196,923,195,923,194,923,194,924,194,924,194,923,195,923,196,924,196,924,196,924,197,924,198,924,199,924,199,923,199,923,200,923,201,923,202,923,202,922,202,922,202,922,201,922,200,922,199
1,7,198,10,951,198,951,197,951,196,951,195,951,194,952,194,952,195,952,196,952,197,952,198,952,199,952,200,952,201,952,202,952,202,951,202,951,202,951,201,951,200,951,199
1,7,198,10,981,198,981,197,981,196,981,195,981,194,982,194,982,195,982,196,982,197,982,198,982,199,982,200,982,201,982,202,982,202,981,202,981,202,981,201,981,200,981,199
1,9,208,10,16,208,16,207,16,206,16,205,16,204,17,204,18,204,19,204,20,204,20,204,20,205,20,206,20,207,20,208,20,209,21,210,21,211,21,212,21,212,20,212,19,212,18,212,17,212,17,211,17,210,16,209
1,9,208,10,25,208,25,207,25,206,25,205,25,205,26,205,26,204,26,204,26,205,26,206,27,206,27,206,27,207,27,208,27,209,27,209,26,209,26,210,26,211,26,212,26,212,26,211,26,210,25,210,25,210,25,209
1,9,207,10,42,207,42,206,42,205,42,204,41,204,41,204,41,203,40,203,40,203,41,203,42,203,43,203,44,204,45,204,45,204,45,205,46,205,47,205,48,205,49,205,50,205,51,204,51,203,51,203,52,203,53,203,54,204,55,204,55,203,55,203,56,203,57,203,58,203,58,203,57,204,57,205,57,206,57,207,57,208,56,208,55,208,54,209,54,210,54,211,53,211,52,211,52,211,52,210,52,209,52,208,51,208,50,208,49,208,48,208,47,208,46,208,45,208,44,208,43,208,42,208
1,9,208,10,80,208,80,207,80,206,80,205,80,205,81,205,81,204,81,204,82,204,83,204,84,204,85,204,86,204,87,204,88,204,88,204,88,205,88,206,88,207,88,208,87,208,86,208,85,208,84,208,83,208,82,208,81,208,80,208
1,9,208,10,109,208,109,207,109,206,109,205,109,204,110,204,110,205,110,206,110,207,110,208,110,209,110,210,110,211,110,212,110,212,109,212,109,212,109,211,109,210,109,209
1,9,208,10,134,208,134,207,134,206,134,205,134,205,135,205,135,204,135,204,135,205,135,206,135,207,135,208,135,209,135,210,135,211,135,212,135,212,135,211,135,210,134,209
1,9,208,10,160,208,160,207,160,206,160,205,160,204,161,204,161,205,161,206,161,207,161,208,161,209,161,210,161,211,161,212,161,212,160,212,160,212,160,211,160,210,160,209
1,9,208,10,186,208,186,207,186,206,186,205,186,204,187,204,187,205,187,206,187,207,187,208,187,209,187,210,187,211,187,212,187,212,186,212,186,212,186,211,186,210,186,209
1,9,208,10,211,208,211,207,211,206,211,205,211,204,212,204,212,205,212,206,212,207,212,208,212,209,212,210,212,211,212,212,212,212,211,212,211,212,211,211,211,210,211,209
1,9,208,10,237,208,237,207,237,206,237,205,237,204,238,204,238,205,238,206,238,207,238,208,238,209,238,210,238,211,238,212,238,212,237,212,237,212,237,211,237,210,237,209
1,9,208,10,268,208,268,207,268,206,268,205,268,204,268,204,268,205,268,206,268,207,268,208,268,209,268,210,268,211,268,212,268,212,268,211,267,211,267,211,268,210,268,209
1,9,208,10,293,208,293,207,293,206,293,205,293,204,294,204,294,205,294,206,294,207,294,208,294,209,294,210,294,211,294,212,294,212,293,212,293,212,293,211,293,210,293,209
1,9,208,10,319,208,319,207,319,206,319,205,319,204,320,204,320,205,320,206,320,207,320,208,320,209,320,210,320,211,320,212,320,212,319,212,319,212,319,211,319,210,319,209
1,9,208,10,330,208,330,207,330,206,330,205,330,204,331,204,331,205,331,206,331,207,331,208,331,209,331,210,331,211,331,212,331,212,330,212,330,212,330,211,330,210,330,209
1,9,208,10,356,208,356,207,356,206,356,205,356,204,356,204,356,205,356,206,356,207,356,208,356,209,356,210,356,211,356,212,356,212,356,211,356,210,356,209
1,9,208,10,381,208,381,207,381,206,381,205,381,204,382,204,382,205,382,206,382,207,382,208,382,209,382,210,382,211,382,212,382,212,381,212,381,212,381,211,381,210,381,209
1,9,208,10,407,208,407,207,407,206,407,205,407,204,408,204,408,205,408,206,408,207,408,208,408,209,408,210,408,211,408,212,408,212,407,212,407,212,407,211,407,210,407,209
1,9,208,10,432,208,432,207,432,206,432,205,432,204,433,204,433,205,433,206,433,207,433,208,433,209,433,210,433,211,433,212,433,212,432,212,432,212,432,211,432,210,432,209
1,9,208,10,458,208,458,207,458,206,458,205,458,204,459,204,459,205,459,206,459,207,459,208,459,209,459,210,459,211,459,212,459,212,458,212,458,212,458,211,458,210,458,209
1,9,209,10,484,209,484,208,484,207,484,206,484,205,485,205,485,206,485,207,485,208,485,209,485,210,485,211,485,212,485,213,485,213,484,213,484,213,484,212,484,211,484,210
1,9,208,10,509,208,509,207,509,206,509,205,509,204,510,204,510,205,510,206,510,207,510,208,510,209,510,210,510,211,510,212,510,212,509,212,509,212,509,211,509,210,509,209
1,9,208,10,535,208,535,207,535,206,535,205,535,204,536,204,536,205,536,206,536,207,536,208,536,209,536,210,536,211,536,212,536,212,535,212,535,212,535,211,535,210,535,209
1,9,208,10,546,208,546,207,546,206,546,205,546,204,547,204,547,205,547,206,547,207,547,208,547,209,547,210,547,211,547,212,547,212,546,212,546,212,546,211,546,210,546,209
1,9,208,10,573,208,573,207,573,206,574,205,574,204,574,204,574,205,574,206,574,207,574,208,574,209,574,210,574,211,574,212,574,212,574,211,574,210,573,209
1,9,208,10,599,208,599,207,599,206,599,205,599,204,600,204,600,205,600,206,600,207,600,208,600,209,600,210,600,211,600,212,600,212,599,212,599,212,599,211,599,210,599,209
1,9,208,10,624,208,624,207,624,206,625,205,625,204,625,204,625,205,625,206,625,207,625,208,625,209,625,210,625,211,625,212,625,212,625,211,625,210,624,209
1,9,208,10,652,208,652,207,652,206,652,205,652,204,653,204,653,205,653,206,653,207,653,208,653,209,653,210,653,211,653,212,653,212,652,212,652,212,652,211,652,210,652,209
1,9,208,10,678,208,678,207,678,206,678,205,678,204,678,204,678,205,678,206,678,207,678,208,678,209,678,210,678,211,678,212,678,212,678,211,678,210,678,209
1,9,208,10,707,208,707,207,707,206,707,205,707,204,708,204,708,205,708,206,708,207,708,208,708,209,708,210,708,211,708,212,708,212,707,212,707,212,707,211,707,210,707,209
1,9,208,10,733,208,733,207,733,206,733,205,733,204,733,204,733,205,733,206,733,207,733,208,733,209,733,210,733,211,733,212,733,212,733,211,733,210,733,209
1,9,208,10,758,208,758,207,758,206,758,205,758,204,759,204,759,205,759,206,759,207,759,208,759,209,759,210,759,211,759,212,759,212,758,212,758,212,758,211,758,210,758,209
1,9,208,10,769,208,769,207,769,206,769,205,769,204,770,204,770,205,770,206,770,207,770,208,770,209,770,210,770,211,770,212,770,212,769,212,769,212,769,211,769,210,769,209
1,9,208,10,795,208,795,207,795,206,795,205,795,204,796,204,796,205,796,206,796,207,796,208,796,209,796,210,796,211,796,212,796,212,795,212,795,212,795,211,795,210,795,209
1,9,208,10,821,208,821,207,821,206,821,205,821,204,821,204,821,205,821,206,821,207,821,208,821,209,821,210,821,211,821,212,821,212,821,211,821,210,821,209
1,9,208,10,846,208,846,207,846,206,846,205,846,204,847,204,847,205,847,206,847,207,847,208,847,209,847,210,847,211,847,212,847,212,846,212,846,212,846,211,846,210,846,209
1,9,208,10,871,208,871,207,871,206,872,205,872,204,872,204,872,205,872,206,873,206,873,206,873,207,873,208,873,209,873,209,872,209,872,210,872,211,872,212,872,212,872,211,872,210,871,209
1,9,208,10,897,208,897,207,897,206,897,205,897,204,898,204,898,205,898,206,898,207,898,208,898,209,898,210,898,211,898,212,898,212,897,212,897,212,897,211,897,210,897,209
1,9,208,10,922,208,922,207,922,206,922,205,922,204,923,204,923,205,923,206,923,207,923,208,923,209,923,210,923,211,923,212,923,212,923,211,923,210,922,210,922,210,922,209
1,9,208,10,951,208,951,207,951,206,951,205,951,204,952,204,952,205,952,206,952,207,952,208,952,209,952,210,952,211,952,212,952,212,951,212,951,212,951,211,951,210,951,209
1,9,208,10,981,208,981,207,981,206,981,205,981,204,982,204,982,205,982,206,982,207,982,208,982,209,982,210,982,211,982,212,982,212,981,212,981,212,981,211,981,210,981,209
1,2,175,10,18,175,18,174,18,174,19,174,19,173,19,173,20,173,20,172,20,171,21,171,22,171,22,171,22,172,22,172,21,172,21,173,21,174,20,175,20,176,20,176,19,176,19,177,19,178,19,179,19,179,18,179,17,179,17,178,17,177,17,177,18,177,18,176
1,2,175,10,26,175,26,174,25,173,25,172,26,171,26,171,26,172,26,173,26,174,26,175,26,176,26,177,26,178,27,178,27,178,27,179,27,179,26,179,25,179,25,178,25,177,25,177,26,177,26,176
1,2,174,10,46,175,46,174,46,173,46,172,46,171,47,171,48,171,49,171,49,171,48,171,48,172,49,173,50,173,51,172,51,171,51,171,52,171,53,171,54,171,55,171,56,171,57,171,57,171,56,171,56,172,56,173,55,174,55,175,55,175,54,175,54,176,54,177,54,178,54,179,53,179,52,179,51,179,50,179,49,179,48,179,47,179,46,179,45,179,44,179,43,179,42,179,42,179,43,178,44,178,45,178,46,177,46,176
1,2,174,10,80,174,80,173,80,173,81,173,81,172,81,171,81,170,81,170,82,170,83,170,84,170,85,170,86,170,87,170,88,170,88,170,88,171,88,172,87,173,86,174,86,175,86,176,86,177,87,177,87,177,87,178,87,178,86,178,85,178,84,178,83,178,82,178,81,178,80,178,79,178,78,178,78,178,79,177,79,176,79,175
1,2,175,10,109,175,110,174,110,173,110,173,111,173,111,172,111,171,112,171,113,171,114,171,115,171,116,171,117,171,118,171,119,171,120,171,121,171,121,171,121,172,121,173,121,174,121,175,121,176,121,176,120,176,120,177,120,178,120,179,120,179,119,179,118,179,117,179,116,179,115,179,114,179,113,179,112,179,111,179,110,179,109,179,109,179,109,178,109,177,109,176
1,2,175,10,186,175,186,174,186,173,186,172,186,171,187,171,188,171,189,171,190,171,191,171,192,171,193,171,194,171,195,171,196,171,197,171,198,171,198,171,197,172,196,173,195,173,194,173,194,174,194,174,193,174,192,175,191,175,190,174,189,174,188,174,187,174,187,175,187,176,187,177,187,178,187,179,187,179,186,179,186,179,186,178,186,177,186,176
1,2,175,10,255,175,256,175,257,175,257,174,257,173,257,172,256,171,255,171,255,171,256,171,257,171,258,171,259,171,260,171,261,171,262,171,263,171,264,171,265,171,266,171,267,171,268,171,269,171,270,171,271,171,272,171,273,171,274,171,275,171,276,171,277,171,278,171,279,171,280,171,280,171,279,171,279,172,279,172,278,172,278,173,278,173,277,173,277,174,277,174,276,174,275,175,274,175,273,175,272,175,271,175,270,175,269,175,268,176,268,177,269,178,269,179,268,179,267,179,266,179,265,179,264,179,263,179,262,179,261,179,260,179,259,179,258,179,257,179,256,179,255,179,255,179,255,178,255,177,255,176
1,2,175,10,319,175,319,174,319,173,319,172,319,171,320,171,320,172,320,173,320,174,320,175,320,176,320,177,320,178,320,179,320,179,319,179,319,179,319,178,319,177,319,176
1,2,175,10,356,175,356,174,356,173,356,172,356,171,357,171,358,171,359,171,360,171,361,171,362,171,363,171,364,171,365,171,366,171,367,171,368,171,368,171,367,172,366,173,365,174,364,174,363,174,363,175,363,175,362,175,361,175,360,175,359,175,358,175,357,176,357,177,357,178,357,179,357,179,356,179,356,179,356,178,356,177,356,176
1,2,175,10,433,175,434,174,434,173,434,173,435,173,435,172,435,171,436,171,437,171,438,171,439,171,440,171,441,171,442,171,443,171,444,171,445,171,445,171,445,172,445,173,445,174,445,175,445,176,445,177,444,178,444,179,444,179,443,179,442,179,441,179,440,179,439,179,438,179,437,179,436,179,435,179,434,179,433,179,432,179,432,178,433,177,433,176
1,2,175,10,515,175,516,175,517,175,518,175,519,175,519,175,519,176,520,176,521,176,521,177,521,178,522,178,522,178,522,179,522,179,521,179,520,179,519,179,518,179,517,179,516,179,515,179,514,179,513,179,512,179,511,179,510,179,509,179,509,179,510,179,511,179,511,178,511,178,512,178,512,177,512,177,513,177,513,176,513,176,514,176
1,2,175,10,535,175,535,174,535,173,535,172,535,171,536,171,536,172,536,173,536,174,536,175,536,176,536,177,536,178,536,179,536,179,535,179,535,179,535,178,535,177,535,176
1,2,175,10,547,176,547,175,547,174,548,173,548,172,548,172,549,172,550,172,551,172,552,172,553,172,554,172,555,172,556,172,557,172,558,172,558,173,558,174,558,175,558,176,558,177,557,178,557,179,557,180,556,180,555,180,554,180,553,180,552,180,551,180,550,180,549,180,548,180,547,180,546,180,546,179,546,178,546,177,546,176,546,176
1,2,175,10,625,175,625,174,625,173,625,172,625,171,626,171,627,171,628,171,629,171,630,171,631,171,632,171,633,171,634,171,635,171,636,171,637,171,637,171,636,172,635,173,634,174,633,174,632,174,632,175,632,175,631,175,630,175,629,175,628,175,627,175,626,175,625,175,625,176,625,177,625,178,625,179,625,179,625,178,625,177,625,176
1,2,175,10,695,175,696,174,697,173,697,172,696,172,696,172,696,171,695,171,695,171,696,171,697,171,698,171,699,171,700,171,701,171,702,171,703,171,704,171,705,171,706,171,707,171,708,171,709,171,710,171,711,171,712,171,713,171,714,171,715,171,716,171,717,171,718,171,719,171,720,171,720,171,719,171,719,172,719,172,718,172,717,173,716,174,715,174,714,174,714,175,714,175,713,175,712,175,711,175,710,175,709,175,708,176,708,177,708,178,708,179,708,179,707,179,706,179,705,179,704,179,703,179,702,179,701,179,700,179,699,179,698,179,697,179,696,179,695,179,694,179,694,178,694,177,694,177,695,177,695,176
1,2,175,10,758,175,758,174,758,173,758,172,758,171,759,171,759,172,759,173,759,174,759,175,759,176,759,177,759,178,759,179,759,179,758,179,758,179,758,178,758,177,758,176
1,2,175,10,795,175,795,174,795,173,795,172,795,171,796,171,797,171,798,171,799,171,800,171,801,171,802,171,803,171,804,171,805,171,806,171,807,171,807,171,807,172,807,172,806,172,806,173,806,173,805,173,805,174,805,174,804,174,803,175,802,175,801,175,800,175,799,175,798,175,797,175,796,176,796,177,796,178,796,179,796,179,795,179,795,179,795,178,795,177,795,176
1,2,175,10,872,175,872,174,872,174,873,174,873,173,873,173,874,173,875,172,875,171,875,171,876,171,877,171,878,171,879,171,880,171,881,171,882,171,883,171,884,171,884,171,884,172,884,173,884,174,884,175,884,176,884,176,883,176,883,177,883,177,882,177,882,178,882,179,881,179,880,179,879,179,878,179,877,179,876,179,875,179,874,179,873,179,872,179,872,179,872,178,872,177,872,176
1,2,175,10,956,175,957,175,958,175,959,175,960,175,961,175,962,175,962,175,962,176,963,176,963,176,963,177,964,177,964,177,964,178,964,179,963,179,962,179,961,179,960,179,959,179,958,179,957,179,956,179,955,179,954,179,953,179,952,179,951,179,951,179,952,179,952,178,952,178,953,178,953,177,953,177,954,177,954,176,954,176,955,176
1,2,175,10,981,175,981,174,981,173,981,172,981,171,982,171,982,172,982,173,982,174,982,175,982,176,982,177,982,178,982,179,982,179,981,179,981,179,981,178,981,177,981,176
1,4,185,10,15,185,15,184,15,184,16,184,16,183,16,182,16,181,16,181,17,181,18,181,18,182,18,183,18,184,18,185,18,186,18,187,18,188,18,189,18,189,17,189,16,189,15,189,15,189,15,188,14,188,14,188,14,187,14,186
1,4,185,10,25,185,26,184,26,183,25,182,25,181,26,181,27,181,27,181,26,182,26,183,26,184,26,185,26,186,26,187,27,187,27,187,27,188,27,189,26,189,25,189,25,189,25,188,25,187,25,186
1,4,184,10,39,184,40,183,41,182,42,181,42,180,42,180,43,180,44,180,45,180,46,180,47,180,48,180,49,180,50,180,51,180,52,180,53,180,53,180,52,180,51,180,50,181,50,182,50,183,50,184,50,185,50,186,51,187,52,187,52,187,52,188,53,188,54,188,55,188,56,188,57,188,57,188,56,188,55,188,54,188,53,188,52,188,51,188,50,188,49,188,48,188,47,188,46,188,45,188,44,188,43,188,42,188,41,188,40,188,39,188,38,188,37,188,37,188,37,187,37,187,38,187,38,186,38,186,39,186,39,185
1,4,184,10,75,184,75,183,75,182,75,181,75,180,76,180,77,180,78,180,79,180,80,180,81,180,82,180,83,180,84,180,85,180,86,180,87,180,87,180,87,181,87,182,87,183,88,183,89,183,90,183,90,183,90,184,90,184,89,184,89,185,89,185,88,185,88,186,88,187,88,188,88,188,87,188,86,188,85,188,84,188,83,188,82,188,81,188,81,188,81,187,81,186,81,185,80,185,80,185,80,184,79,184,78,184,77,184,76,184,75,184
1,4,184,10,109,184,109,183,109,182,109,181,109,180,110,180,111,180,112,180,113,180,114,180,115,180,116,180,117,180,118,180,119,180,120,180,120,180,119,180,118,180,117,180,116,180,115,180,114,180,113,180,112,180,111,180,110,181,110,182,110,183,110,184,110,185,110,186,110,187,110,188,110,188,109,188,109,188,109,187,109,186,109,185
1,4,184,10,135,184,135,183,135,183,136,183,136,182,136,182,137,182,137,181,137,180,138,180,139,180,140,180,141,180,142,180,143,180,144,180,145,180,146,180,146,181,146,182,147,182,147,182,147,183,147,184,147,185,147,185,146,185,146,186,146,186,145,186,145,187,145,188,144,188,143,188,142,188,141,188,140,188,139,188,138,188,137,188,136,188,135,188,134,188,134,187,134,186,134,186,135,186,135,185
1,4,184,10,186,184,186,183,186,182,186,181,186,180,187,180,187,181,187,182,187,183,187,184,187,185,187,186,187,187,187,188,187,188,186,188,186,188,186,187,186,186,186,185
1,4,184,10,212,184,212,183,212,183,213,183,213,182,213,181,213,180,213,180,214,180,215,180,216,180,217,180,218,180,219,180,220,180,221,180,222,180,223,180,224,180,224,180,224,181,224,182,224,183,224,184,224,185,224,185,223,185,223,186,223,187,223,188,223,188,222,188,221,188,220,188,219,188,218,188,217,188,216,188,215,188,214,188,213,188,212,188,211,188,211,187,211,186,211,186,212,186,212,185
1,4,184,10,257,184,257,183,257,182,257,181,256,180,255,180,255,180,256,180,257,180,258,180,259,180,260,180,261,180,262,180,263,180,264,180,265,180,266,180,267,180,268,180,269,180,269,180,269,181,269,181,268,181,268,182,268,183,268,184,268,185,268,186,268,187,268,188,268,188,268,187,268,186,268,185,268,184,267,184,267,184,267,183,267,183,268,183,268,182,267,181,266,180,265,180,264,180,263,180,263,181,263,182,263,183,263,183,262,183,262,183,262,182,261,181,260,180,259,180,259,181,259,181,258,181,258,182,258,183,258,184,258,185,257,185
1,4,184,10,293,184,294,183,295,182,295,181,295,180,296,180,297,180,298,180,299,180,300,180,301,180,302,180,303,180,304,180,305,180,306,180,306,181,306,182,306,183,306,184,306,184,305,184,305,185,305,186,304,187,304,188,304,188,303,188,302,188,301,188,300,188,299,188,298,188,297,188,296,188,295,188,294,188,293,188,293,188,293,187,293,186,293,185
1,4,184,10,319,184,319,183,319,182,319,181,319,180,320,180,320,181,320,182,320,183,320,184,320,185,320,186,320,187,320,188,320,188,319,188,319,188,319,187,319,186,319,185
1,4,184,10,356,184,356,183,356,182,356,181,356,180,357,180,357,181,357,182,357,182,356,182,356,183,356,184,356,185,356,186,356,187,357,187,357,187,357,188,357,188,356,188,356,188,356,187,356,186,356,185
1,4,184,10,382,184,382,183,382,183,383,183,383,182,383,181,383,180,383,180,384,180,385,180,386,180,387,180,388,180,389,180,390,180,391,180,392,180,393,180,393,181,393,182,394,183,394,184,394,185,394,185,393,185,393,186,393,186,392,186,392,187,392,188,391,188,390,188,389,188,388,188,387,188,386,188,385,188,384,188,383,188,382,188,381,188,381,187,381,186,381,185
1,4,184,10,432,184,432,183,432,182,432,181,432,180,433,180,434,180,435,180,436,180,437,180,438,180,439,180,440,180,441,180,442,180,443,180,444,180,444,180,443,180,442,180,441,180,440,180,439,180,438,180,437,180,436,180,435,181,434,182,434,183,434,184,433,185,433,186,433,187,433,188,434,188,434,188,433,188,432,188,432,188,432,187,432,186,432,185
1,4,185,10,459,185,459,184,459,183,460,182,460,181,460,181,461,181,462,181,463,181,464,181,465,181,466,181,467,181,468,181,469,181,470,181,470,182,470,183,471,183,471,183,471,184,471,185,470,186,469,187,469,188,469,189,468,189,467,189,466,189,465,189,464,189,463,189,462,189,461,189,460,189,459,189,458,189,458,188,458,187,458,186
1,4,185,10,488,185,489,185,490,185,490,184,490,184,491,184,491,184,491,185,492,185,493,185,494,185,495,185,496,186,496,187,496,188,496,189,495,189,494,189,493,189,492,189,491,189,490,189,489,189,488,189,487,189,486,189,485,189,484,189,484,189,484,188,484,188,485,188,485,187,485,187,486,187,486,186,486,186,487,186
1,4,185,10,509,185,509,184,509,183,509,182,509,181,510,181,511,181,512,181,513,181,514,181,515,181,516,181,517,181,518,181,519,181,520,181,521,181,522,181,522,181,521,181,521,182,521,182,520,182,520,183,520,183,519,183,518,184,517,184,516,184,516,185,516,185,515,185,514,185,513,185,513,185,513,184,512,184,511,184,510,184,510,185,510,186,510,187,510,188,510,189,510,189,509,189,509,189,509,188,509,187,509,186
1,4,185,10,535,185,535,184,535,183,535,182,535,181,536,181,536,182,536,183,536,184,536,185,536,186,536,187,536,188,536,189,536,189,535,189,535,189,535,188,535,187,535,186
1,4,185,10,546,185,546,184,546,183,546,182,546,181,547,181,548,181,548,181,547,182,547,183,547,184,547,185,547,186,547,187,547,188,547,189,547,189,546,189,546,189,546,188,546,187,546,186
1,4,184,10,574,184,575,183,575,182,575,181,575,180,575,180,576,180,577,180,578,180,579,180,580,180,581,180,582,180,583,180,584,180,585,180,586,180,586,180,586,181,586,182,586,183,586,184,585,185,585,186,585,187,585,188,585,188,584,188,583,188,582,188,581,188,580,188,579,188,578,188,577,188,576,188,575,188,574,188,574,188,574,187,574,186,574,185
1,4,184,10,625,184,625,183,625,182,625,181,625,180,625,180,625,181,625,182,625,183,625,184,625,185,625,186,625,187,625,188,625,188,625,187,625,186,625,185
1,4,185,10,652,185,652,184,652,184,653,184,653,183,653,183,654,183,654,182,654,181,655,181,656,181,657,181,658,181,659,181,660,181,661,181,662,181,663,181,664,181,664,181,664,182,664,183,664,184,664,185,664,186,664,186,663,186,663,187,663,188,663,189,663,189,662,189,661,189,660,189,659,189,658,189,657,189,656,189,655,189,654,189,653,189,652,189,652,189,652,188,652,187,652,186
1,4,184,10,696,184,696,183,696,182,696,181,695,180,694,180,694,180,695,180,696,180,697,180,698,180,699,180,700,180,701,180,702,180,703,180,704,180,705,180,706,180,707,180,708,180,708,180,708,181,708,182,708,183,708,184,708,185,708,186,708,187,708,188,707,188,707,187,707,186,707,185,707,184,707,183,707,182,707,181,707,180,706,180,705,180,704,180,703,180,702,180,702,181,702,182,702,183,702,184,702,184,702,183,701,183,701,183,701,182,701,181,701,180,700,180,699,180,698,180,698,181,698,182,698,183,698,184,698,185,698,185,697,185,697,185,697,184,696,184
1,4,184,10,733,184,734,183,735,182,735,181,735,180,736,180,737,180,738,180,739,180,740,180,741,180,742,180,743,180,744,180,745,180,745,180,745,181,745,182,745,183,745,184,745,185,745,186,744,187,744,188,744,188,743,188,742,188,741,188,740,188,739,188,738,188,737,188,736,188,735,188,734,188,733,188,733,188,733,187,733,186,733,185
1,4,184,10,758,184,758,183,758,182,758,181,758,180,759,180,759,181,759,182,759,183,759,184,759,185,759,186,759,187,759,188,759,188,758,188,758,188,758,187,758,186,758,185
1,4,185,10,795,185,795,184,795,183,795,182,795,181,796,181,796,182,796,183,796,184,796,185,796,186,796,187,796,188,796,189,796,189,795,189,795,189,795,188,795,187,795,186
1,4,185,10,821,185,821,184,821,184,822,184,822,183,822,183,823,183,823,182,823,181,824,181,825,181,826,181,827,181,828,181,829,181,830,181,831,181,832,181,833,181,833,181,833,182,833,183,833,184,833,185,833,186,833,186,832,186,832,187,832,188,832,189,832,189,831,189,830,189,829,189,828,189,827,189,826,189,825,189,824,189,823,189,822,189,821,189,821,189,821,188,821,187,821,186
1,4,184,10,872,184,872,183,872,182,872,181,872,180,873,180,874,180,875,180,876,180,877,180,878,180,879,180,880,180,881,180,882,180,882,180,881,180,880,180,879,180,878,180,877,180,876,180,875,180,874,180,873,181,873,182,873,183,872,184,872,185,872,186,872,187,873,187,873,187,873,188,873,188,872,188,872,188,872,187,872,186,872,185
1,4,184,10,898,184,898,183,898,183,899,183,899,182,899,181,899,180,899,180,900,180,901,180,902,180,903,180,904,180,905,180,906,180,907,180,908,180,909,180,909,181,909,182,909,183,909,184,909,185,909,186,909,186,908,186,908,187,908,188,907,188,906,188,905,188,904,188,903,188,902,188,901,188,900,188,899,188,898,188,897,188,897,187,897,186,897,185
1,4,184,10,927,184,928,184,929,184,930,184,931,184,932,184,933,184,933,184,933,185,934,185,934,185,934,186,934,187,934,188,934,188,933,188,932,188,931,188,930,188,929,188,928,188,927,188,926,188,925,188,924,188,923,188,922,188,922,188,923,188,923,187,923,187,924,187,924,186,924,186,925,186,925,185,925,185,926,185
1,4,184,10,951,184,951,183,951,182,951,181,951,180,952,180,953,180,954,180,955,180,956,180,957,180,958,180,959,180,960,180,961,180,962,180,963,180,964,180,964,180,963,180,963,181,963,181,962,181,962,182,962,182,961,182,961,183,961,183,960,183,959,184,958,184,957,184,956,184,955,184,954,184,953,184,952,185,952,186,952,187,952,188,952,188,951,188,951,188,951,187,951,186,951,185
1,4,184,10,981,184,981,183,981,182,981,181,981,180,982,180,982,181,982,182,982,183,982,184,982,185,982,186,982,187,982,188,982,188,981,188,981,188,981,187,981,186,981,185
1,6,194,10,15,194,15,193,15,192,15,191,15,190,16,190,17,190,18,190,19,190,19,190,19,191,19,192,19,193,19,194,19,195,19,196,19,197,19,198,18,198,17,198,16,198,15,198,15,198,15,197,15,196,15,195
1,6,194,10,26,194,26,193,26,192,26,191,25,190,25,190,26,190,27,190,27,190,26,190,26,191,26,192,26,193,26,194,26,195,27,196,27,197,27,198,27,198,26,198,26,198,26,197,25,197,25,197,26,196,26,195,25,194,25,194
1,6,193,10,36,193,36,192,36,192,37,192,37,191,37,190,37,189,37,189,38,189,39,189,40,189,41,189,42,189,43,189,44,189,45,189,46,189,47,189,48,189,49,189,50,189,51,189,52,189,53,189,54,189,55,189,56,189,57,189,57,190,57,191,58,192,59,193,59,194,59,195,60,196,60,197,59,197,58,197,57,197,56,197,55,197,54,197,53,197,52,197,51,197,50,197,49,197,48,197,47,197,46,197,45,197,44,197,43,197,42,197,41,197,40,197,39,197,38,197,37,197,37,196,37,195,36,194
1,6,193,10,80,193,80,192,80,192,81,192,81,191,81,190,81,189,81,189,82,189,83,189,84,189,85,189,86,189,87,189,88,189,88,189,88,190,88,190,87,190,87,191,87,192,86,193,86,194,87,195,87,196,87,197,87,197,86,197,85,197,84,197,83,197,82,197,81,197,80,197,79,197,78,197,77,197,76,197,75,197,74,197,74,197,75,197,76,197,77,197,78,197,78,196,78,196,79,196,79,195,79,194
1,6,193,10,109,193,109,192,109,191,109,190,109,189,110,189,110,190,110,191,110,192,110,193,110,194,110,195,110,196,110,197,110,197,109,197,109,197,109,196,109,195,109,194
1,6,193,10,135,193,135,192,135,191,135,190,134,189,134,189,135,189,136,189,137,189,138,189,139,189,140,189,141,189,142,189,143,189,144,189,145,189,145,189,144,189,143,189,142,189,141,189,140,189,139,189,138,189,137,189,136,189,135,189,135,190,135,191,135,192,135,193,135,194,135,195,135,196,135,197,134,197,134,196,135,195,135,194
1,6,193,10,161,193,161,192,161,192,162,192,162,191,162,191,163,191,163,190,163,189,164,189,165,189,166,189,167,189,168,189,169,189,170,189,171,189,172,189,172,190,172,191,172,192,172,193,172,194,172,195,172,195,171,195,171,196,171,197,170,197,169,197,168,197,167,197,166,197,165,197,164,197,163,197,162,197,161,197,160,197,160,196,160,195,160,194
1,6,193,10,186,193,186,192,186,191,186,190,186,189,187,189,187,190,187,191,187,192,187,193,187,194,187,195,187,196,187,197,187,197,186,197,186,197,186,196,186,195,186,194
1,6,193,10,211,193,211,192,211,191,211,190,211,189,212,189,213,189,214,189,215,189,216,189,217,189,218,189,219,189,220,189,221,189,222,189,223,189,223,189,222,189,221,189,220,189,219,189,218,189,217,189,216,189,215,189,214,189,213,189,213,190,213,190,212,190,212,191,212,192,212,193,212,194,212,195,212,196,212,197,212,197,211,197,211,197,211,196,211,195,211,194
1,6,193,10,238,193,238,192,238,192,239,192,239,191,239,190,239,189,239,189,240,189,241,189,242,189,243,189,244,189,245,189,246,189,247,189,248,189,249,189,249,190,249,191,249,192,249,193,249,194,249,195,249,195,248,195,248,196,248,197,247,197,246,197,245,197,244,197,243,197,242,197,241,197,240,197,239,197,238,197,237,197,237,196,237,195,237,194
1,6,194,10,268,194,268,193,268,192,268,191,268,190,268,190,268,191,268,192,268,193,268,194,268,195,268,196,268,197,268,198,267,198,267,197,268,196,268,195
1,6,194,10,293,194,293,193,293,192,293,191,293,190,294,190,294,191,294,192,294,193,294,194,294,195,294,196,294,197,294,198,294,198,293,198,293,198,293,197,293,196,293,195
1,6,194,10,319,194,319,193,319,192,319,191,319,190,320,190,320,191,320,192,320,193,320,194,320,195,320,196,320,197,320,198,320,198,319,198,319,198,319,197,319,196,319,195
1,6,193,10,330,194,331,193,331,192,331,192,332,192,332,191,332,191,333,191,333,190,333,190,334,190,335,190,336,190,337,190,338,190,339,190,340,190,341,190,342,190,342,190,342,191,342,192,342,193,342,194,342,195,342,195,341,195,341,196,341,197,341,198,341,198,340,198,339,198,338,198,337,198,336,198,335,198,334,198,333,198,332,198,331,198,330,198,330,198,330,197,330,196,330,195
1,6,193,10,356,193,356,192,356,191,356,190,356,189,357,189,357,190,356,191,356,192,356,193,356,194,356,195,356,196,357,197,357,197,356,197,356,197,356,196,356,195,356,194
1,6,194,10,381,194,381,193,381,192,381,191,381,190,382,190,383,190,383,190,382,191,382,192,382,193,382,194,382,195,382,196,382,197,382,198,382,198,381,198,381,198,381,197,381,196,381,195
1,6,194,10,407,194,408,193,408,192,408,192,409,192,409,191,409,190,410,190,411,190,412,190,413,190,414,190,415,190,416,190,417,190,418,190,419,190,419,190,419,191,419,192,419,193,419,194,419,195,419,195,418,195,418,196,418,197,418,198,418,198,417,198,416,198,415,198,414,198,413,198,412,198,411,198,410,198,409,198,408,198,407,198,407,198,407,197,407,196,407,195
1,6,194,10,432,194,432,193,432,192,432,191,432,190,433,190,434,190,434,190,434,191,434,191,433,191,433,192,433,193,433,194,433,195,433,196,434,197,434,198,433,198,432,198,432,198,432,197,432,196,432,195
1,6,194,10,458,194,458,193,458,192,458,191,458,190,459,190,460,190,461,190,462,190,463,190,464,190,465,190,466,190,467,190,468,190,469,190,469,190,468,190,467,190,466,190,465,190,464,190,463,190,462,190,461,190,460,190,459,191,459,192,459,193,459,194,459,195,459,196,459,197,459,198,459,198,458,198,458,198,458,197,458,196,458,195
1,6,194,10,484,194,484,193,484,192,484,191,484,190,485,190,486,190,487,190,488,190,489,190,490,190,491,190,492,190,493,190,494,190,495,190,496,190,496,190,495,191,494,192,493,193,492,193,491,193,491,194,491,194,490,194,489,194,488,194,487,194,486,194,485,195,485,196,485,197,485,198,485,198,484,198,484,198,484,197,484,196,484,195
1,6,194,10,509,194,509,193,509,192,509,191,509,190,510,190,510,191,510,192,510,193,510,194,510,195,510,196,510,197,510,198,510,198,509,198,509,198,509,197,509,196,509,195
1,6,194,10,535,194,535,193,535,192,535,191,535,190,536,190,536,191,536,192,536,193,536,194,536,195,536,196,536,197,536,198,536,198,535,198,535,198,535,197,535,196,535,195
1,6,194,10,546,194,546,193,546,192,546,191,546,190,547,190,547,191,547,192,547,193,547,194,547,195,547,196,547,197,547,198,547,198,546,198,546,198,546,197,546,196,546,195
1,6,194,10,574,194,574,193,574,192,574,191,574,190,575,190,576,190,577,190,578,190,579,190,580,190,580,190,579,190,578,190,577,190,576,190,575,190,574,190,574,191,574,192,574,193,574,194,574,195,574,196,574,197,574,198,573,198,573,197,574,196,574,195
1,6,194,10,599,194,600,193,600,192,600,192,601,192,601,191,601,190,602,190,603,190,604,190,605,190,606,190,607,190,608,190,609,190,610,190,611,190,611,190,611,191,611,192,611,193,611,194,611,195,611,195,610,195,610,196,610,197,610,198,610,198,609,198,608,198,607,198,606,198,605,198,604,198,603,198,602,198,601,198,600,198,599,198,599,198,599,197,599,196,599,195
1,6,194,10,625,194,625,193,625,192,625,191,625,190,625,190,625,191,625,192,625,193,625,194,625,195,625,196,625,197,625,198,625,198,625,197,625,196,625,195
1,6,194,10,652,194,652,193,652,192,652,191,652,190,653,190,654,190,655,190,656,190,657,190,658,190,659,190,660,190,661,190,662,190,663,190,663,190,662,190,661,190,660,190,659,190,658,190,657,190,656,190,655,190,654,190,653,191,653,192,653,193,653,194,653,195,653,196,653,197,653,198,653,198,652,198,652,198,652,197,652,196,652,195
1,6,194,10,678,194,678,193,678,193,679,193,679,192,679,192,680,192,680,191,680,190,681,190,682,190,683,190,684,190,685,190,686,190,687,190,688,190,689,190,690,190,690,190,690,191,690,192,690,193,690,194,690,195,690,195,689,195,689,196,689,197,689,198,689,198,688,198,687,198,686,198,685,198,684,198,683,198,682,198,681,198,680,198,679,198,678,198,678,198,678,197,678,196,678,195
1,6,194,10,707,194,707,193,707,192,707,191,707,190,708,190,708,191,708,192,708,193,708,194,708,195,708,196,708,197,708,198,708,198,707,198,707,198,707,197,707,196,707,195
1,6,194,10,733,194,733,193,733,192,733,191,733,190,734,190,734,190,733,190,733,191,733,192,733,193,733,194,733,195,733,196,733,197,734,197,734,197,734,198,734,198,733,198,733,198,733,197,733,196,733,195
1,6,194,10,758,194,758,193,758,192,758,191,758,190,759,190,759,191,759,192,759,193,759,194,759,195,759,196,759,197,759,198,759,198,758,198,758,198,758,197,758,196,758,195
1,6,194,10,770,194,770,193,770,193,771,193,771,192,771,192,772,192,772,191,772,190,773,190,774,190,775,190,776,190,777,190,778,190,779,190,780,190,781,190,781,191,781,192,782,192,782,192,782,193,782,194,782,195,782,195,781,195,781,196,781,197,781,198,781,198,780,198,779,198,778,198,777,198,776,198,775,198,774,198,773,198,772,198,771,198,770,198,769,198,769,197,769,196,769,195
1,6,194,10,795,194,795,193,795,192,795,191,795,190,796,190,796,191,796,192,796,193,796,194,796,195,796,196,796,197,796,198,796,198,795,198,795,198,795,197,795,196,795,195
1,6,194,10,821,194,821,193,821,192,821,191,821,190,822,190,823,190,823,190,822,191,821,192,821,193,821,194,821,195,821,196,821,197,822,197,822,197,822,198,822,198,821,198,821,198,821,197,821,196,821,195
1,6,194,10,846,194,847,193,848,192,848,191,848,191,849,191,849,190,849,190,850,190,851,190,852,190,853,190,854,190,855,190,856,190,857,190,858,190,858,190,858,191,858,192,858,193,858,194,858,195,858,195,857,195,857,196,857,197,857,198,857,198,856,198,855,198,854,198,853,198,852,198,851,198,850,198,849,198,848,198,847,198,846,198,846,198,846,197,846,196,846,195
1,6,194,10,872,194,872,193,872,192,872,191,872,190,873,190,873,190,872,190,872,191,872,192,872,193,872,194,872,195,872,196,872,197,872,198,872,198,872,197,872,196,872,195
1,6,193,10,897,193,897,192,897,191,897,190,897,189,898,189,899,189,900,189,901,189,902,189,903,189,904,189,905,189,906,189,907,189,908,189,908,189,907,189,906,189,905,189,904,189,903,189,902,189,901,189,900,189,899,189,898,190,898,191,898,192,898,193,898,194,898,195,898,196,898,197,898,197,897,197,897,197,897,196,897,195,897,194
1,6,193,10,922,193,922,192,922,191,922,190,922,189,923,189,924,189,925,189,926,189,927,189,928,189,929,189,930,189,931,189,932,189,933,189,934,189,934,189,934,190,934,190,933,190,933,191,933,191,932,191,932,192,932,192,931,192,930,193,929,193,928,193,927,193,926,193,925,193,924,193,924,194,924,194,923,194,923,195,924,196,924,197,923,197,922,197,922,197,923,196,923,195,923,194,923,193,922,193
1,6,193,10,951,193,951,192,951,191,951,190,951,189,952,189,952,190,952,191,952,192,952,193,952,194,952,195,952,196,952,197,952,197,951,197,951,197,951,196,951,195,951,194
1,6,193,10,981,193,981,192,981,191,981,190,981,189,982,189,982,190,982,191,982,192,982,193,982,194,982,195,982,196,982,197,982,197,981,197,981,197,981,196,981,195,981,194
1,8,203,10,16,203,16,202,16,201,16,200,16,199,17,199,18,199,19,199,20,200,20,201,20,202,20,203,20,204,20,205,20,206,20,207,19,207,18,207,17,207,16,207,16,207,16,206,16,205,16,204
1,8,203,10,26,203,26,202,26,201,26,200,25,200,25,200,26,199,27,199,27,199,26,199,26,200,26,201,26,202,26,203,26,204,26,205,26,206,27,206,27,206,27,207,27,207,26,207,25,207,25,206,25,205,25,205,26,205,26,204
1,8,202,10,39,202,39,201,38,200,37,199,37,198,38,198,39,198,40,198,41,198,42,198,43,198,44,198,45,198,46,198,47,198,48,198,49,198,50,198,51,198,52,198,53,198,54,198,55,198,56,198,57,198,58,198,59,198,60,198,60,199,59,200,59,201,59,202,58,203,57,204,57,205,57,206,56,206,55,206,54,206,53,206,52,206,51,206,50,206,49,206,48,206,47,206,46,206,45,206,44,206,43,206,42,206,42,205,42,204,41,204,41,204,41,203,40,203,40,203,40,202,39,202
1,8,203,10,76,203,76,202,75,202,75,202,75,201,75,200,75,199,75,199,76,199,77,199,78,199,79,199,79,200,79,201,80,201,81,201,82,201,82,200,82,199,83,199,84,199,85,199,86,199,87,199,87,200,87,201,88,201,89,201,90,202,90,203,89,203,88,203,88,204,88,205,88,206,88,207,87,207,86,207,85,207,84,207,83,207,82,207,81,207,80,207,80,207,80,206,80,205,81,204,81,203,80,203,79,203,78,203,77,203,76,203
1,8,203,10,109,203,109,202,109,201,109,200,109,199,110,199,110,200,110,201,110,202,110,203,110,204,110,205,110,206,110,207,110,207,109,207,109,207,109,206,109,205,109,204
1,8,203,10,135,203,135,202,135,201,135,200,134,200,134,200,134,199,134,199,135,199,135,199,135,200,135,201,135,202,135,203,135,204,135,205,135,206,135,207,134,207,134,206,134,205,134,205,135,205,135,204
1,8,203,10,160,203,160,202,160,201,160,200,160,199,161,199,162,199,162,199,161,200,161,201,161,202,161,203,161,204,161,205,161,206,161,207,161,207,160,207,160,207,160,206,160,205,160,204
1,8,203,10,186,203,186,202,186,201,186,200,186,199,187,199,187,200,187,201,187,202,187,203,187,204,187,205,187,206,187,207,187,207,186,207,186,207,186,206,186,205,186,204
1,8,203,10,211,203,211,202,211,201,211,200,211,199,212,199,212,200,212,201,212,202,212,203,212,204,212,205,212,206,212,207,212,207,211,207,211,207,211,206,211,205,211,204
1,8,203,10,237,203,237,202,237,201,237,200,237,199,238,199,239,199,240,199,241,199,242,199,243,199,244,199,245,199,246,199,247,199,248,199,248,199,247,199,246,199,245,199,244,199,243,199,242,199,241,199,240,199,239,199,238,200,238,201,238,202,238,203,238,204,238,205,238,206,238,207,238,207,237,207,237,207,237,206,237,205,237,204
1,8,203,10,268,203,268,202,268,201,268,200,267,200,267,200,267,199,267,199,268,199,268,199,268,200,268,201,268,202,268,203,268,204,268,205,268,206,268,207,268,207,268,206,268,205,268,204
1,8,203,10,293,203,293,202,293,201,293,200,293,199,294,199,294,200,294,201,294,202,294,203,294,204,294,205,294,206,294,207,294,207,293,207,293,207,293,206,293,205,293,204
1,8,203,10,319,203,319,202,319,201,319,200,319,199,320,199,320,200,320,201,320,202,320,203,320,204,320,205,320,206,320,207,320,207,319,207,319,207,319,206,319,205,319,204
1,8,203,10,330,203,330,202,330,201,330,200,330,199,331,199,332,199,333,199,334,199,335,199,336,199,337,199,338,199,339,199,340,199,340,199,339,199,338,199,337,199,336,199,335,199,334,199,333,199,332,199,331,200,331,201,331,202,331,203,331,204,331,205,331,206,331,207,331,207,330,207,330,207,330,206,330,205,330,204
1,8,203,10,356,203,356,202,356,201,356,200,356,199,357,199,357,200,356,201,356,202,356,203,356,204,356,205,356,206,356,207,356,207,356,206,356,205,356,204
1,8,203,10,381,203,381,202,381,201,381,200,381,199,382,199,382,200,382,201,382,202,382,203,382,204,382,205,382,206,382,207,382,207,381,207,381,207,381,206,381,205,381,204
1,8,203,10,407,203,407,202,407,201,407,200,407,199,408,199,409,199,410,199,411,199,412,199,413,199,414,199,415,199,416,199,417,199,418,199,418,199,417,199,416,199,415,199,414,199,413,199,412,199,411,199,410,199,409,199,408,200,408,201,408,202,408,203,408,204,408,205,408,206,408,207,408,207,407,207,407,207,407,206,407,205,407,204
1,8,203,10,432,203,432,202,432,201,432,200,432,199,433,199,434,199,434,199,434,200,434,201,433,202,433,203,433,204,433,205,433,206,433,207,433,207,432,207,432,207,432,206,432,205,432,204
1,8,203,10,458,203,458,202,458,201,458,200,458,199,459,199,459,200,459,201,459,202,459,203,459,204,459,205,459,206,459,207,459,207,458,207,458,207,458,206,458,205,458,204
1,8,204,10,484,204,484,203,484,202,484,201,484,200,485,200,485,201,485,202,485,203,485,204,485,205,485,206,485,207,485,208,485,208,484,208,484,208,484,207,484,206,484,205
1,8,203,10,509,203,509,202,509,201,509,200,509,199,510,199,510,200,510,201,510,202,510,203,510,204,510,205,510,206,510,207,510,207,509,207,509,207,509,206,509,205,509,204
1,8,203,10,535,203,535,202,535,201,535,200,535,199,536,199,536,200,536,201,536,202,536,203,536,204,536,205,536,206,536,207,536,207,535,207,535,207,535,206,535,205,535,204
1,8,203,10,546,203,546,202,546,201,546,200,546,199,547,199,547,200,547,201,547,202,547,203,547,204,547,205,547,206,547,207,547,207,546,207,546,207,546,206,546,205,546,204
1,8,203,10,574,203,574,202,574,201,574,200,573,200,573,200,573,199,573,199,574,199,574,199,574,200,574,201,574,202,574,203,574,204,574,205,574,206,574,207,573,207,573,206,574,205,574,204
1,8,203,10,599,203,599,202,599,201,599,200,599,199,600,199,601,199,602,199,603,199,604,199,605,199,606,199,607,199,608,199,609,199,610,199,610,199,609,199,608,199,607,199,606,199,605,199,604,199,603,199,602,199,601,199,600,200,600,201,600,202,600,203,600,204,600,205,600,206,600,207,600,207,599,207,599,207,599,206,599,205,599,204
1,8,203,10,625,203,625,202,625,201,625,200,625,199,625,199,625,200,625,201,625,202,625,203,625,204,625,205,625,206,625,207,624,207,624,206,625,205,625,204
1,8,203,10,652,203,652,202,652,201,652,200,652,199,653,199,653,200,653,201,653,202,653,203,653,204,653,205,653,206,653,207,653,207,652,207,652,207,652,206,652,205,652,204
1,8,203,10,678,203,678,202,678,201,678,200,678,199,679,199,680,199,681,199,682,199,683,199,684,199,685,199,686,199,687,199,688,199,689,199,689,199,688,199,687,199,686,199,685,199,684,199,683,199,682,199,681,199,680,199,679,199,678,199,678,200,678,201,678,202,678,203,678,204,678,205,678,206,678,207,678,207,678,206,678,205,678,204
1,8,203,10,707,203,707,202,707,201,707,200,707,199,708,199,708,200,708,201,708,202,708,203,708,204,708,205,708,206,708,207,708,207,707,207,707,207,707,206,707,205,707,204
1,8,203,10,733,203,733,202,733,201,733,200,733,199,734,199,734,200,733,201,733,202,733,203,733,204,733,205,733,206,733,207,733,207,733,206,733,205,733,204
1,8,203,10,758,203,758,202,758,201,758,200,758,199,759,199,759,200,759,201,759,202,759,203,759,204,759,205,759,206,759,207,759,207,758,207,758,207,758,206,758,205,758,204
1,8,203,10,769,203,769,202,769,201,769,200,769,199,770,199,771,199,772,199,773,199,774,199,775,199,776,199,777,199,778,199,779,199,780,199,781,199,781,199,780,199,779,199,778,199,777,199,776,199,775,199,774,199,773,199,772,199,771,199,770,200,770,201,770,202,770,203,770,204,770,205,770,206,770,207,770,207,769,207,769,207,769,206,769,205,769,204
1,8,203,10,795,203,795,202,795,201,795,200,795,199,796,199,796,200,796,201,796,202,796,203,796,204,796,205,796,206,796,207,796,207,795,207,795,207,795,206,795,205,795,204
1,8,203,10,821,203,821,202,821,201,821,200,821,199,822,199,822,200,821,201,821,202,821,203,821,204,821,205,821,206,821,207,821,207,821,206,821,205,821,204
1,8,203,10,846,203,846,202,846,201,846,200,846,199,847,199,848,199,849,199,850,199,851,199,852,199,853,199,854,199,855,199,856,199,857,199,857,199,856,199,855,199,854,199,853,199,852,199,851,199,850,199,849,199,848,199,847,200,847,201,847,202,847,203,847,204,847,205,847,206,847,207,847,207,846,207,846,207,846,206,846,205,846,204
1,8,203,10,872,203,872,202,872,201,872,200,872,199,872,199,872,200,872,201,872,202,872,203,872,204,872,205,872,206,873,206,873,206,873,207,873,207,872,207,871,207,871,206,872,205,872,204
1,8,203,10,897,203,897,202,897,201,897,200,897,199,898,199,898,200,898,201,898,202,898,203,898,204,898,205,898,206,898,207,898,207,897,207,897,207,897,206,897,205,897,204
1,8,203,10,922,203,922,202,922,201,922,200,922,199,923,199,924,199,924,199,923,200,923,201,923,202,923,203,923,204,923,205,923,206,923,207,923,207,922,207,922,207,922,206,922,205,922,204
1,8,203,10,951,203,951,202,951,201,951,200,951,199,952,199,952,200,952,201,952,202,952,203,952,204,952,205,952,206,952,207,952,207,951,207,951,207,951,206,951,205,951,204
1,8,203,10,981,203,981,202,981,201,981,200,981,199,982,199,982,200,982,201,982,202,982,203,982,204,982,205,982,206,982,207,982,207,981,207,981,207,981,206,981,205,981,204
