1,1,809,10,43,809,43,808,43,807,43,806,43,805,44,805,45,805,46,805,46,806,46,807,46,808,46,809,46,810,46,811,47,812,48,812,48,811,48,811,49,811,49,810,49,809,49,808,49,808,50,808,50,807,50,807,51,807,51,806,51,805,52,805,53,805,54,805,54,806,54,807,54,808,54,809,54,810,53,811,53,812,53,812,52,812,52,813,52,813,51,813,50,813,49,813,48,813,47,813,46,813,45,813,44,813,43,813,43,813,43,812,43,811,43,810
1,1,809,10,94,809,94,808,94,807,94,806,94,805,95,805,95,806,95,807,95,808,95,809,95,810,95,811,95,812,95,813,95,813,94,813,94,813,94,812,94,811,94,810
1,1,809,10,117,809,117,808,117,807,117,806,117,805,118,805,118,806,118,807,118,808,118,809,118,810,118,811,118,812,118,813,118,813,117,813,117,813,117,812,117,811,117,810
1,1,809,10,141,809,141,808,141,807,141,806,141,805,142,805,142,806,142,807,142,808,142,809,142,810,142,811,142,812,142,813,142,813,141,813,140,813,139,813,138,813,137,813,136,813,135,813,135,813,136,813,137,813,138,813,139,813,140,813,141,813,141,812,141,811,141,810
1,1,809,10,165,809,165,808,165,807,165,806,165,805,166,805,166,806,166,807,166,808,166,809,166,810,166,811,166,812,166,813,166,813,165,813,165,813,165,812,165,811,165,810
1,1,809,10,189,809,189,808,189,807,189,806,189,805,190,805,190,806,190,807,190,808,190,809,190,810,190,811,190,812,190,813,190,813,189,813,189,813,189,812,189,811,189,810
1,1,809,10,212,809,212,808,212,807,212,806,211,805,210,805,209,805,208,805,207,805,207,805,208,805,209,805,210,805,211,805,212,805,213,805,214,805,215,805,216,805,217,805,218,805,219,805,220,805,221,805,222,805,223,805,224,805,225,805,226,805,227,805,228,805,229,805,230,805,231,805,232,805,233,805,234,805,235,805,236,805,237,805,238,805,239,805,240,805,241,805,242,805,242,805,242,806,243,806,244,806,245,806,246,806,247,806,248,806,249,807,250,807,251,807,252,807,253,807,254,808,255,808,256,808,257,808,258,808,259,808,260,808,261,808,261,808,261,809,261,810,261,811,261,812,261,813,261,813,260,813,259,813,258,813,258,813,258,812,257,812,256,812,255,812,254,812,253,812,252,812,251,812,250,812,249,811,248,811,247,811,246,811,245,811,244,811,244,811,244,810,243,810,242,810,241,810,240,810,239,810,238,810,237,810,237,811,237,812,237,813,237,813,236,813,236,813,236,812,236,811,236,810,235,810,234,810,233,810,232,810,231,809,230,809,230,810,230,810,229,810,228,810,227,810,226,810,225,810,224,810,223,810,222,810,221,810,220,810,219,810,218,810,218,809,218,808,218,807,218,806,217,806,216,806,215,806,214,806,213,806,213,807,213,808,213,809,213,810,213,811,213,812,213,813,213,813,213,812,213,811,212,811,212,811,212,810
1,1,809,10,273,809,273,808,273,808,274,808,274,808,274,809,274,810,274,811,274,812,274,813,274,813,273,813,273,813,273,812,273,811,273,810
1,1,810,10,455,810,455,809,455,809,456,809,456,809,456,810,456,811,456,812,456,813,456,814,456,814,455,814,455,814,455,813,455,812,455,811
1,1,809,10,625,809,625,808,625,808,625,809,625,810,625,811,625,812,625,813,625,813,625,812,625,811,625,810
1,1,809,10,807,809,807,808,807,808,808,808,808,808,808,809,808,810,808,811,808,812,808,813,808,813,807,813,807,813,807,812,807,811,807,810
1,1,808,10,979,808,979,808,979,809,979,810,979,811,979,812,979,812,979,811,979,810,979,809
1,3,818,10,14,818,14,817,14,816,15,815,15,814,15,814,16,814,17,814,17,815,16,816,16,817,16,818,16,819,16,820,15,821,15,822,15,822,14,822,13,822,13,821,13,820,13,820,14,820,14,819
1,3,818,10,23,818,23,817,23,816,23,815,23,814,23,814,23,815,24,816,24,817,24,818,24,819,24,820,24,821,23,822,23,822,23,821,23,820,23,819
1,3,818,10,39,818,39,817,39,817,40,817,41,817,42,817,43,816,43,815,43,814,44,814,45,814,46,814,47,814,48,814,49,814,50,814,51,814,52,814,52,814,51,814,51,815,51,816,51,817,51,818,51,819,51,819,50,819,49,819,48,819,47,820,47,821,47,822,46,822,45,822,44,822,43,822,42,822,41,822,40,822,39,822,38,822,37,822,37,822,38,821,39,820,39,819
1,3,819,10,94,819,94,818,94,817,94,816,94,815,95,815,95,816,95,817,95,818,95,819,95,820,95,821,95,822,95,823,95,823,94,823,94,823,94,822,94,821,94,820
1,3,818,10,108,818,108,817,108,817,109,817,110,817,111,817,112,817,113,817,114,817,115,817,116,817,117,817,117,816,117,815,117,814,117,814,118,814,118,814,118,815,118,816,118,817,119,817,119,817,119,818,119,819,118,820,118,821,118,822,117,822,116,822,115,822,114,822,113,822,112,822,111,822,110,822,109,822,108,822,107,822,107,821,108,820,108,819
1,3,818,10,109,818,109,817,108,817,108,818
1,3,818,10,110,818,110,817,109,817,109,818
1,3,818,10,111,818,111,817,110,817,110,818
1,3,818,10,112,818,112,817,111,817,111,818
1,3,818,10,113,818,113,817,112,817,112,818
1,3,818,10,114,818,114,817,113,817,113,818
1,3,818,10,115,818,115,817,114,817,114,818
1,3,818,10,116,818,116,817,115,817,115,818
1,3,818,10,117,818,117,817,116,817,116,818
1,3,818,10,118,818,118,817,117,817,117,818
1,3,818,10,130,818,130,817,130,817,131,817,131,816,131,816,132,816,132,815,132,815,133,815,133,814,133,814,134,814,135,814,136,814,137,814,138,814,139,814,140,814,141,814,142,814,142,814,142,815,142,816,142,817,142,818,142,819,142,820,142,821,142,822,141,822,140,822,139,822,138,822,137,822,136,822,135,822,134,822,133,822,132,822,131,822,131,821,131,820,130,820,130,820,130,819
1,3,818,10,165,818,165,817,165,816,165,815,165,814,166,814,166,815,166,816,166,817,166,818,166,819,166,820,166,821,166,822,166,822,165,822,165,822,165,821,165,820,165,819
1,3,818,10,189,818,189,817,189,816,189,815,189,814,190,814,190,815,190,816,190,817,190,818,190,819,190,820,190,821,190,822,190,822,189,822,188,822,187,822,187,822,188,822,189,822,189,821,189,820,189,819
1,3,818,10,212,818,212,817,212,816,213,815,213,814,213,814,213,815,213,816,213,817,213,818,213,819,213,820,213,821,213,822,213,822,212,822,212,822,212,821,212,820,212,819
1,3,819,10,236,819,236,818,236,817,236,816,236,815,237,815,237,816,237,817,237,818,237,819,237,820,237,821,237,822,237,823,237,823,236,823,236,823,236,822,236,821,236,820
1,3,819,10,260,819,260,818,260,817,260,816,260,815,261,815,261,816,261,817,261,818,261,819,261,820,261,821,261,822,261,823,261,823,260,823,260,823,260,822,260,821,260,820
1,3,819,10,273,819,273,818,273,817,273,816,273,815,274,815,274,816,274,817,274,818,274,819,274,820,273,821,273,822,273,823,273,823,273,822,273,821,273,820
1,3,819,10,455,819,455,818,455,817,455,816,455,815,456,815,456,816,456,817,456,818,456,819,456,820,456,821,456,822,456,823,456,823,455,823,455,823,455,822,455,821,455,820
1,3,818,10,624,818,624,817,624,816,625,815,625,814,625,814,625,815,625,816,625,817,625,818,625,819,625,820,625,821,625,822,625,822,624,821,624,820,624,819
1,3,818,10,709,818,709,817,709,817,710,817,711,817,712,817,713,817,714,817,715,817,716,817,717,817,718,817,719,817,720,817,721,817,722,817,722,817,722,818,722,819,722,820,722,821,721,822,720,822,719,822,718,822,717,822,716,822,715,822,714,822,713,822,712,822,711,822,710,822,709,822,709,822,709,821,709,820,709,819
1,3,818,10,807,818,807,817,807,816,807,815,807,814,808,814,808,815,808,816,808,817,808,818,808,819,808,820,808,821,808,822,808,822,807,822,807,822,807,821,807,820,807,819
1,3,818,10,886,818,886,817,886,817,887,817,888,817,889,817,890,817,891,817,892,817,893,817,894,817,895,817,896,817,897,817,898,817,899,817,899,817,899,818,899,819,899,820,899,821,899,822,899,822,898,822,897,822,896,822,895,822,894,822,893,822,892,822,891,822,890,822,889,822,888,822,887,822,886,821,886,820,886,819
1,3,817,10,979,817,979,816,979,815,979,814,979,813,979,813,979,814,979,815,979,816,979,817,979,818,979,819,979,820,979,821,979,821,979,820,979,819,979,818
1,5,827,10,12,827,12,826,12,825,12,824,12,823,13,823,14,823,15,823,15,824,15,825,15,826,15,827,16,827,16,827,16,828,16,829,16,830,16,831,15,831,14,831,13,831,12,831,12,831,12,830,12,829,12,828
1,5,827,10,23,827,23,826,23,825,23,824,23,823,23,823,23,824,23,825,23,826,24,826,24,826,24,827,24,828,24,829,24,829,23,829,23,830,23,831,23,831,23,830,23,829,23,828
1,5,828,10,34,828,34,827,34,826,35,825,36,824,37,824,38,824,39,824,40,824,41,824,42,824,43,824,44,824,45,824,46,824,47,824,47,825,47,826,48,827,49,827,50,827,51,827,52,827,53,827,54,827,54,828,54,829,55,830,55,831,55,832,56,832,56,832,55,832,54,832,53,832,52,832,51,832,50,832,49,832,48,832,47,832,46,832,45,832,44,832,43,832,42,832,41,832,41,831,42,830,42,829,41,828,40,828,40,829,40,829,39,829,39,830,39,830,38,830,38,831,38,832,37,832,36,832,35,832,34,832,34,832,34,831,34,830,34,829
1,5,828,10,94,828,94,827,94,826,94,825,94,824,95,824,95,825,95,826,95,827,95,828,95,829,95,830,95,831,95,832,95,832,94,832,93,832,92,832,91,832,90,832,89,832,88,832,87,832,87,832,88,832,89,832,90,832,91,832,92,832,93,832,94,832,94,831,94,830,94,829
1,5,828,10,106,828,106,827,106,826,106,825,106,824,107,824,108,824,109,824,110,824,111,824,112,824,113,824,114,824,115,824,116,824,117,824,118,824,118,824,117,825,117,826,117,827,117,828,117,828,116,828,115,828,114,828,113,828,112,828,111,828,110,828,109,828,108,828,107,828,106,828
1,5,828,10,130,828,130,827,130,826,131,825,132,824,133,824,134,824,135,824,136,824,137,824,138,824,139,824,140,824,141,824,142,824,142,824,142,825,142,826,142,827,142,828,141,829,140,830,139,830,138,830,138,831,138,831,137,831,137,832,137,832,136,832,135,832,134,832,133,832,132,832,132,832,132,831,131,831,131,831,131,830,130,830,130,830,130,829
1,5,828,10,165,828,165,827,165,826,165,825,165,824,166,824,166,825,166,826,166,827,166,828,166,829,166,830,166,831,166,832,166,832,165,832,164,832,163,832,162,832,161,832,160,832,159,832,158,832,158,832,159,832,160,832,161,832,162,831,162,831,162,832,163,832,164,832,165,832,165,831,165,830,165,829
1,5,828,10,177,828,177,827,177,826,178,826,179,826,179,825,179,825,180,825,180,824,180,824,181,824,182,824,183,824,184,824,185,824,186,824,187,824,188,824,189,824,190,824,190,825,190,826,190,827,190,828,190,828,189,828,189,829,189,829,188,829,188,830,188,830,187,830,187,831,187,831,186,831,185,832,184,832,183,832,182,832,181,832,180,832,179,831,178,830,177,829
1,5,828,10,212,828,212,827,212,826,212,825,212,824,213,824,213,825,213,826,214,826,214,826,214,827,214,828,214,829,214,829,213,829,213,830,213,831,213,832,213,832,212,832,212,832,212,831,212,830,212,829
1,5,828,10,236,828,236,827,236,826,236,825,236,824,237,824,237,825,237,826,237,827,237,828,237,829,237,830,237,831,237,832,237,832,236,832,235,832,234,832,233,832,232,832,231,832,230,832,230,832,231,832,232,832,233,832,234,832,235,832,236,832,236,831,236,830,236,829
1,5,828,10,260,828,260,827,260,826,260,825,260,824,261,824,261,825,261,826,262,826,262,826,262,827,262,828,262,829,262,829,261,829,261,830,261,831,261,832,261,832,260,832,260,832,260,831,260,830,260,829
1,5,828,10,273,828,273,827,273,826,273,825,273,824,273,824,273,825,274,825,274,825,274,826,274,827,274,828,274,829,273,830,273,831,274,831,274,831,274,832,274,832,273,832,273,832,273,831,273,830,273,829
1,5,828,10,285,828,285,827,285,827,286,827,287,827,288,827,289,827,289,828,289,829,289,830,288,831,288,832,288,832,287,832,286,832,285,832,284,832,284,831,285,830,285,829
1,5,828,10,293,828,293,827,293,827,294,827,295,827,296,827,297,827,297,828,297,829,298,830,298,831,298,832,298,832,297,832,296,832,295,832,294,832,294,831,294,830,293,830,293,830,293,829
1,5,828,10,310,828,310,827,310,827,311,827,312,827,313,827,314,827,315,827,315,827,315,828,315,829,315,830,315,830,314,830,313,830,312,830,311,830,310,830,309,831,308,831,307,831,307,831,307,830,307,830,308,830,309,830,310,830,310,829
1,5,827,10,334,827,334,826,334,825,335,825,336,825,337,825,338,825,339,825,340,825,341,825,342,825,343,824,344,824,345,824,346,824,347,824,348,824,349,824,350,824,351,824,352,824,353,824,354,824,355,824,356,824,357,824,358,824,359,824,360,824,361,824,362,824,363,824,364,824,365,824,366,823,367,823,368,823,369,823,370,823,371,823,372,823,373,823,374,823,375,823,376,823,377,823,378,823,379,823,380,823,381,823,382,823,383,823,384,823,385,823,386,823,387,823,388,823,389,823,390,823,391,823,392,823,393,823,394,823,395,823,396,823,397,823,398,823,399,823,400,823,401,823,402,823,403,823,404,824,405,824,406,824,407,824,408,824,409,824,410,824,411,824,412,824,413,824,414,824,415,824,416,824,417,824,418,824,419,825,420,825,421,825,422,825,423,825,424,825,425,825,426,825,427,825,428,825,429,825,429,826,429,827,429,828,428,828,427,828,426,828,425,828,424,828,423,828,422,828,421,828,420,828,419,828,418,828,417,828,416,828,415,828,414,828,413,828,412,828,411,828,410,828,409,828,408,828,407,828,406,828,405,828,404,828,403,828,402,828,401,828,400,828,399,828,398,828,397,828,396,828,395,828,394,828,393,828,392,828,391,828,390,828,389,828,388,828,387,828,386,828,385,828,384,828,383,828,382,828,381,828,380,828,379,828,378,828,377,828,376,828,375,828,374,828,373,828,372,828,371,828,370,828,369,828,368,828,367,828,366,828,365,828,364,828,363,828,362,828,361,828,360,828,359,828,358,828,357,828,356,828,355,828,354,828,353,828,352,828,351,828,350,828,349,828,348,828,347,828,346,828,345,828,344,828,343,828,342,828,341,828,340,828,339,828,338,828,337,828,336,828,335,828,334,828
1,5,828,10,448,828,448,827,448,827,449,827,450,827,451,827,452,827,453,827,454,827,455,827,455,826,455,825,455,824,455,824,456,824,456,824,456,825,456,826,456,827,457,827,458,827,458,828,457,829,457,830,457,831,457,832,457,832,456,832,455,832,454,831,453,830,452,830,451,830,450,830,449,830,448,830,448,830,448,829
1,5,828,10,449,828,449,827,448,827,448,828
1,5,828,10,450,828,450,827,449,827,449,828
1,5,828,10,451,828,451,827,450,827,450,828
1,5,828,10,452,828,452,827,451,827,451,828
1,5,828,10,453,828,453,827,452,827,452,828
1,5,828,10,454,828,454,827,453,827,453,828
1,5,828,10,455,828,455,827,454,827,454,828
1,5,828,10,456,828,456,827,455,827,455,828
1,5,828,10,457,828,457,827,456,827,456,828
1,5,828,10,467,828,467,827,467,827,468,827,469,827,470,827,471,827,472,827,472,827,472,828,472,829,472,830,472,830,471,830,471,831,471,832,470,832,469,832,468,832,467,832,466,832,466,832,467,832,467,831,467,830,467,829
1,5,828,10,476,828,476,827,476,827,477,827,478,827,479,827,480,827,480,828,480,829,480,830,480,831,481,831,481,831,481,832,481,832,480,832,479,832,478,832,477,832,476,832,476,832,476,831,476,830,476,829
1,5,827,10,624,827,624,826,624,825,624,824,624,824,625,824,625,823,625,823,625,824,625,825,625,826,625,827,625,828,625,829,625,830,625,831,625,831,624,831,624,831,624,830,624,829,624,828
1,5,827,10,807,827,807,826,807,825,807,824,807,823,808,823,808,824,808,825,808,826,808,827,808,828,808,829,808,830,808,831,808,831,807,831,807,831,807,830,807,829,807,828
1,5,826,10,979,826,979,825,979,824,979,823,979,822,979,822,979,823,979,824,979,825,979,826,979,827,979,828,979,829,979,830,979,830,979,829,979,828,979,827
1,7,836,10,12,836,12,835,12,834,12,833,12,832,13,832,14,832,15,832,16,832,16,832,16,833,16,834,16,835,17,836,17,837,17,838,17,839,17,840,17,840,16,840,15,840,14,840,13,840,13,839,13,838,13,837,13,836,12,836
1,7,836,10,23,836,23,835,23,834,23,833,23,832,24,832,24,833,24,834,24,835,24,836,24,837,24,838,24,838,23,838,23,839,23,840,23,840,23,839,23,838,23,837
1,7,837,10,34,837,34,836,34,835,34,834,34,833,35,833,36,833,37,833,38,833,38,833,38,834,38,835,38,836,38,837,38,838,38,839,38,840,39,840,39,840,39,841,40,841,40,841,39,841,38,841,37,841,36,841,36,841,36,840,35,839,34,838
1,7,837,10,40,837,40,836,40,835,40,834,40,834,41,834,41,833,41,833,42,833,43,833,44,833,45,833,46,833,47,833,48,833,49,833,50,833,51,833,52,833,53,833,54,833,55,833,56,833,56,833,56,834,57,835,57,836,57,837,57,838,56,839,56,840,56,841,55,841,54,841,53,841,53,840,54,839,54,838,53,837,52,837,52,837,52,836,52,835,52,834,51,833,50,833,49,834,49,835,49,836,49,837,49,838,49,839,49,840,49,841,50,841,50,841,49,841,48,841,48,841,48,840,47,839,47,838,47,837,46,837,46,837,46,836,46,835,46,834,45,834,44,835,44,836,44,837,44,838,45,839,45,840,44,841,44,841,44,840,43,840,43,840,43,839,42,839,42,839,42,838,41,838,41,838,41,837,40,837
1,7,837,10,83,837,83,836,83,835,84,834,85,833,86,833,87,833,88,833,89,833,90,833,91,833,92,833,93,833,94,833,95,833,95,833,95,834,95,835,95,836,95,837,94,838,93,839,92,840,91,840,90,840,90,841,90,841,89,841,88,841,87,841,86,841,85,841,85,841,85,840,84,840,84,840,84,839,83,839,83,839,83,838
1,7,837,10,154,837,154,836,154,835,155,834,156,833,157,833,158,833,159,833,160,833,161,833,162,833,163,833,164,833,165,833,166,833,166,833,166,834,166,835,166,836,166,837,166,838,166,838,165,838,164,839,163,840,162,840,161,840,161,841,161,841,160,841,159,841,158,841,157,841,156,841,156,841,156,840,155,840,155,840,155,839,154,839,154,839,154,838
1,7,837,10,212,837,212,836,212,835,212,834,212,833,213,833,213,834,213,835,214,835,214,835,214,836,214,837,214,838,214,838,213,838,213,839,213,840,213,841,213,841,212,841,211,841,210,841,209,841,208,841,207,841,207,841,208,841,209,841,210,841,211,841,212,841,212,840,212,839,212,838
1,7,837,10,225,837,225,836,225,836,226,836,226,835,226,835,227,835,227,834,227,834,228,834,228,833,228,833,229,833,230,833,231,833,232,833,233,833,234,833,235,833,236,833,237,833,237,833,237,834,237,835,237,836,237,837,237,838,237,838,236,838,236,839,236,839,235,839,235,840,235,840,234,840,233,841,232,841,231,841,230,841,229,841,228,841,227,841,227,841,227,840,226,840,226,840,226,839,225,839,225,839,225,838
1,7,837,10,260,837,260,836,260,835,260,834,260,833,261,833,261,834,261,835,261,836,261,837,261,838,261,839,261,840,261,841,261,841,260,841,259,841,258,841,257,841,256,841,255,841,255,841,256,841,257,841,258,841,259,841,260,841,260,840,260,839,260,838
1,7,837,10,273,837,273,836,273,835,273,834,273,833,273,833,273,834,274,835,274,836,274,837,274,838,273,839,273,840,273,841,273,841,273,840,273,839,273,838
1,7,837,10,284,837,284,836,284,836,285,836,285,835,284,834,284,833,285,833,286,833,287,833,288,833,288,833,288,834,289,834,289,834,289,835,289,836,289,837,289,837,288,837,287,837,286,837,285,837,284,837
1,7,837,10,294,837,294,836,294,835,294,834,294,833,295,833,296,833,297,833,298,833,298,833,298,834,298,835,298,836,298,837,297,837,296,837,295,837,294,837
1,7,837,10,455,837,455,836,455,835,455,834,455,833,456,833,456,834,456,835,456,836,456,837,456,838,456,839,456,840,456,841,456,841,455,841,455,841,455,840,455,839,455,838
1,7,837,10,467,837,467,836,466,836,466,837
1,7,837,10,468,837,468,836,467,836,467,837
1,7,837,10,469,837,469,836,468,836,468,837
1,7,837,10,470,837,470,836,469,836,469,837
1,7,837,10,471,837,471,836,470,836,470,837
1,7,837,10,476,837,476,836,475,836,475,837
1,7,837,10,477,837,477,836,476,836,476,837
1,7,837,10,478,837,478,836,477,836,477,837
1,7,837,10,479,837,479,836,478,836,478,837
1,7,837,10,480,837,480,836,479,836,479,837
1,7,837,10,624,837,624,836,624,835,624,834,624,833,625,833,625,834,625,835,625,836,625,837,625,838,625,839,625,840,625,841,625,841,624,840,624,839,624,838
1,7,836,10,807,836,807,835,807,834,807,833,807,832,808,832,808,833,808,834,808,835,808,836,808,837,808,838,808,838,807,838,807,839,807,840,807,840,807,839,807,838,807,837
1,7,836,10,978,836,978,835,978,834,979,833,979,832,979,832,979,833,979,834,979,835,979,836,979,837,979,838,979,839,979,840,979,840,979,839,979,838,978,838,978,838,978,837
1,9,846,10,14,846,14,845,13,844,13,843,13,842,13,842,14,842,15,842,16,842,17,842,17,843,17,844,18,845,18,846,18,847,18,848,18,849,18,850,17,850,16,850,15,850,14,850,14,850,14,849,14,848,14,847
1,9,846,10,23,846,23,845,23,844,23,843,23,842,23,842,23,843,24,844,24,845,24,846,24,847,23,848,23,849,23,850,23,850,23,849,23,848,23,847
1,9,846,10,39,846,39,845,39,844,39,843,38,843,38,843,38,842,37,842,37,842,38,842,39,842,40,842,41,842,41,842,41,843,42,843,42,843,42,844,42,845,42,846,42,846,41,846,40,846,39,846
1,9,846,10,48,846,48,845,48,844,48,843,48,842,49,842,50,842,50,842,50,843,51,843,52,842,53,842,54,842,55,842,55,842,54,842,54,843,54,844,54,845,54,846,53,846,52,846,52,847,52,847,51,847,51,848,51,849,51,850,51,850,50,850,49,850,49,849,49,848,48,847
1,9,846,10,201,846,201,845,201,845,202,845,202,844,202,844,203,844,203,843,203,843,204,843,204,842,204,842,205,842,206,842,207,842,208,842,209,842,210,842,211,842,212,842,213,842,213,842,213,843,213,844,213,845,213,846,213,847,213,847,212,847,212,848,212,848,211,848,211,849,211,849,210,849,209,850,208,850,207,850,206,850,205,850,204,850,203,850,203,850,203,849,202,849,202,849,202,848,201,848,201,848,201,847
1,9,847,10,249,847,249,846,249,845,250,844,251,843,252,843,253,843,254,843,255,843,256,843,257,843,258,843,259,843,260,843,261,843,261,843,261,844,261,845,261,846,261,847,260,848,259,849,258,850,257,850,256,850,256,851,256,851,255,851,254,851,253,851,252,851,251,850,250,850,250,850,250,849,249,848
1,9,846,10,273,846,273,845,273,844,273,843,273,842,273,842,273,843,274,844,274,845,274,846,274,847,273,848,273,849,273,850,273,850,273,849,273,848,273,847
1,9,846,10,284,846,284,845,284,844,285,843,286,842,287,842,288,842,289,842,289,843,289,844,290,845,291,845,292,845,293,845,293,844,293,843,293,842,293,842,294,842,295,842,296,842,296,842,296,843,297,843,297,843,297,844,298,844,298,844,298,845,298,846,298,847,298,848,297,849,296,850,295,850,294,850,293,850,292,850,291,850,290,850,289,850,288,850,287,850,286,850,286,850,286,849,285,849,285,849,285,848,284,848,284,848,284,847
1,9,847,10,455,847,455,846,455,845,455,844,455,843,456,843,456,844,456,845,456,846,456,847,456,848,456,849,456,850,456,851,457,851,458,851,459,851,459,851,458,851,457,851,456,851,455,851,455,851,455,850,455,849,455,848
1,9,847,10,467,847,467,846,467,845,467,844,467,844,468,844,468,843,468,843,469,843,470,843,471,843,471,843,471,844,471,845,471,846,471,847,471,848,472,849,472,850,471,850,470,850,469,850,468,849,467,849,467,849,467,848
1,9,847,10,476,847,476,846,476,845,476,844,476,843,477,843,478,843,479,843,480,843,480,843,480,844,481,844,481,844,481,845,481,846,481,847,481,847,480,847,480,848,480,849,479,849,478,849,478,850,478,850,477,850,476,850,475,850,475,850,475,849,475,849,476,849,476,848
1,9,846,10,624,846,624,845,624,844,625,843,625,842,625,842,625,843,625,844,625,845,625,846,625,847,625,848,625,849,625,850,625,850,625,849,625,848,624,848,624,848,624,847
1,9,846,10,807,846,807,845,807,844,807,843,807,842,807,842,807,843,808,844,808,845,808,846,808,847,807,848,807,849,807,850,807,850,807,849,807,848,807,847
1,9,845,10,978,845,978,844,978,843,979,842,979,841,979,841,979,842,979,843,979,844,979,845,979,846,979,847,979,848,979,849,979,849,979,848,979,847,978,846
1,2,813,10,16,813,16,812,16,812,17,812,17,811,17,811,18,811,18,811,18,812,18,813,17,814,17,815,17,815,16,815,16,816,16,816,15,816,14,816,14,816,15,816,15,815,15,814
1,2,813,10,23,813,23,812,23,811,23,811,23,812,23,813,23,814,23,815,23,816,24,816,24,816,23,816,23,815,23,814
1,2,813,10,43,813,43,812,43,811,44,811,45,811,46,811,47,811,48,811,49,811,50,811,51,811,52,811,53,811,53,811,53,812,53,812,52,812,52,813,52,814,51,815,51,816,51,816,50,816,49,816,48,816,47,816,46,816,45,816,44,816,43,816,43,815,43,814
1,2,814,10,94,814,94,813,94,812,94,811,94,811,95,811,95,811,95,812,95,813,95,814,95,815,95,816,95,816,94,816,94,816,94,815
1,2,813,10,117,813,117,812,117,811,118,811,118,812,118,813,118,814,118,815,118,816,117,816,117,815,117,814
1,2,813,10,135,813,136,813,137,813,138,813,139,813,140,813,141,813,141,812,141,811,142,811,142,812,142,813,142,814,142,815,142,816,141,816,140,816,139,816,138,816,137,816,136,816,135,816,134,816,133,816,132,816,131,816,131,816,132,816,132,815,132,815,133,815,133,814,133,814,134,814
1,2,813,10,165,813,165,812,165,811,166,811,166,812,166,813,166,814,166,815,166,816,165,816,165,815,165,814
1,2,813,10,189,813,189,812,189,811,190,811,190,812,190,813,190,814,190,815,190,816,189,816,189,815,189,814
1,2,813,10,213,813,213,812,212,811,212,811,213,811,213,811,213,812,213,813,213,814,213,815,213,816,213,816,212,816,212,816,213,815,213,814
1,2,814,10,236,814,236,813,236,812,236,811,236,811,237,811,237,811,237,812,237,813,237,814,237,815,237,816,237,816,236,816,236,816,236,815
1,2,814,10,260,814,260,813,259,813,258,813,257,812,256,812,255,812,254,812,253,812,252,812,251,812,250,812,250,812,250,811,249,811,248,811,247,811,246,811,245,811,244,811,244,811,245,811,246,811,247,811,248,811,249,811,250,811,251,811,252,811,253,811,254,811,255,811,256,811,257,811,258,811,259,811,260,811,261,811,261,811,261,812,261,813,261,814,261,815,261,816,261,816,260,816,260,816,260,815
1,2,815,10,273,814,273,813,273,812,273,811,273,811,274,811,274,811,274,812,274,813,274,814,274,815,274,816,274,816,273,816,273,816,273,815
1,2,814,10,455,814,455,813,455,812,456,812,456,813,456,814,456,815,456,816,456,817,455,817,455,816,455,815
1,2,813,10,625,813,625,812,625,811,625,811,625,812,625,813,625,814,625,815,625,816,625,816,624,816,624,816,625,815,625,814
1,2,813,10,807,813,807,812,807,811,808,811,808,812,808,813,808,814,808,815,808,816,807,816,807,815,807,814
1,2,812,10,979,812,979,811,979,810,979,810,979,811,979,812,979,813,979,814,979,815,979,815,979,814,979,813
1,4,823,10,12,823,13,822,13,821,13,820,14,820,15,820,16,820,16,820,15,820,15,821,15,822,15,823,15,824,15,825,15,825,14,825,13,825,12,825,12,825,12,824
1,4,823,10,23,823,23,822,23,821,23,820,23,820,24,820,24,820,24,821,24,821,23,821,23,822,23,823,23,824,23,825,23,825,23,824
1,4,823,10,36,823,37,822,38,821,39,820,40,820,41,820,42,820,43,820,44,820,45,820,46,820,47,820,47,820,47,821,47,822,47,823,47,824,47,825,47,825,46,825,45,825,44,824,43,824,43,825,43,825,42,825,41,825,40,825,39,825,38,825,37,825,36,825,35,825,35,825,36,825,36,824
1,4,823,10,94,823,94,822,94,821,95,821,95,822,95,823,95,824,95,825,95,826,94,826,94,825,94,824
1,4,823,10,106,823,107,822,107,821,107,821,108,821,108,820,108,820,109,820,110,820,111,820,112,820,113,820,114,820,115,820,116,820,117,820,118,820,118,821,118,822,118,823,118,824,118,824,117,824,117,825,117,825,116,825,115,825,114,825,113,825,112,825,111,825,110,825,109,825,108,825,107,825,106,825,106,825,106,824
1,4,823,10,133,823,133,822,132,822,131,822,131,821,131,820,130,820,130,820,131,820,132,820,133,820,134,820,135,820,136,820,137,820,138,820,139,820,140,820,141,820,142,820,142,820,142,821,142,822,142,823,142,824,142,825,142,825,141,825,140,825,139,825,138,825,137,825,136,825,135,825,134,825,133,825,132,825,131,825,131,825,132,824
1,4,823,10,165,823,165,822,165,821,165,820,165,820,166,820,166,820,166,821,166,822,166,823,166,824,166,825,166,825,165,825,165,825,165,824
1,4,823,10,182,823,183,823,184,823,184,822,184,822,185,823,186,823,187,822,188,822,189,822,189,821,189,820,190,820,190,821,190,822,190,823,190,824,190,825,189,825,188,825,187,825,186,825,185,825,184,825,183,825,182,825,181,825,180,825,179,825,179,825,180,825,180,824,180,824,181,824
1,4,823,10,212,823,212,822,212,821,212,820,212,820,213,820,213,820,213,821,213,822,213,823,213,824,213,825,213,825,212,825,212,825,212,824
1,4,823,10,236,823,236,822,236,821,237,821,237,822,237,823,237,824,237,825,237,826,236,826,236,825,236,824
1,4,823,10,260,823,260,822,260,821,261,821,261,822,261,823,261,824,261,825,262,826,262,826,261,826,260,826,260,825,260,824
1,4,824,10,273,823,273,822,273,821,273,821,273,822,273,823,273,824,274,825,274,826,273,826,273,825,273,824
1,4,823,10,366,823,367,823,368,823,369,823,370,823,371,823,372,823,373,823,374,823,375,823,376,823,377,823,378,823,379,823,380,823,381,823,382,823,383,823,384,823,385,823,386,823,387,823,388,823,389,823,390,823,391,823,392,823,393,823,394,823,395,823,396,823,397,823,398,823,399,823,400,823,401,823,402,823,403,823,404,824,405,824,406,824,407,824,408,824,409,824,410,824,411,824,412,824,413,824,414,824,415,824,416,824,417,824,418,824,419,825,420,825,421,825,422,825,423,825,424,825,425,825,426,825,427,825,428,825,429,825,429,825,428,825,427,825,426,825,425,825,424,825,423,825,422,825,421,825,420,825,419,825,418,825,417,825,416,825,415,825,414,825,413,825,412,825,411,825,410,825,409,825,408,825,407,825,406,825,405,825,404,825,403,825,402,825,401,825,400,825,399,825,398,825,397,825,396,825,395,825,394,825,393,825,392,825,391,825,390,825,389,825,388,825,387,825,386,825,385,825,384,825,383,825,382,825,381,825,380,825,379,825,378,825,377,825,376,825,375,825,374,825,373,825,372,825,371,825,370,825,369,825,368,825,367,825,366,825,365,825,364,825,363,825,362,825,361,825,360,825,359,825,358,825,357,825,356,825,355,825,354,825,353,825,352,825,351,825,350,825,349,825,348,825,347,825,346,825,345,825,344,825,343,825,342,825,341,825,340,825,339,825,338,825,337,825,336,825,335,825,334,825,334,825,335,825,336,825,337,825,338,825,339,825,340,825,341,825,342,825,343,824,344,824,345,824,346,824,347,824,348,824,349,824,350,824,351,824,352,824,353,824,354,824,355,824,356,824,357,824,358,824,359,824,360,824,361,824,362,824,363,824,364,824,365,824
1,4,823,10,455,823,455,822,455,821,456,821,456,822,456,823,456,824,456,825,456,826,455,826,455,825,455,824
1,4,822,10,625,822,625,821,624,821,624,821,624,820,624,820,625,820,625,820,625,821,625,822,625,823,625,824,625,825,625,825,624,825,624,825,624,824,624,824,625,824,625,823
1,4,822,10,709,822,709,821,709,820,710,820,711,820,712,820,713,820,714,820,715,820,716,820,717,820,718,820,719,820,720,820,721,820,722,820,722,821,721,822,720,822,719,822,718,822,717,822,716,822,715,822,714,822,713,822,712,822,711,822,710,822,709,822
1,4,822,10,807,822,807,821,807,820,808,820,808,821,808,822,808,823,808,824,808,825,807,825,807,824,807,823
1,4,822,10,887,822,887,821,886,821,886,821,886,820,886,820,887,820,888,820,889,820,890,820,891,820,892,820,893,820,894,820,895,820,896,820,897,820,898,820,899,820,899,820,899,821,899,822,898,822,897,822,896,822,895,822,894,822,893,822,892,822,891,822,890,822,889,822,888,822,887,822
1,4,821,10,979,821,979,820,979,819,979,819,979,820,979,821,979,822,979,823,979,824,979,824,979,823,979,822
1,6,832,10,12,832,12,831,12,830,12,829,12,829,13,829,14,829,15,829,16,829,16,830,16,831,16,832,16,833,16,834,15,834,14,834,13,834,12,834,12,834,12,833
1,6,832,10,23,832,23,831,23,830,23,829,23,829,24,829,24,829,23,830,23,831,24,832,24,833,24,834,24,834,23,834,23,834,23,833
1,6,832,10,34,832,34,831,34,830,35,830,36,830,37,830,38,830,39,830,40,830,41,830,42,830,43,830,44,830,45,830,46,830,47,830,48,830,49,830,50,830,51,830,52,830,53,830,54,830,55,830,55,831,55,832,56,832,56,832,56,833,56,834,56,835,57,835,57,835,56,835,55,835,54,835,53,835,52,835,51,835,50,835,49,835,48,835,47,835,46,835,45,835,44,835,43,835,42,835,41,835,40,835,39,835,38,835,37,835,36,835,35,835,34,835,34,834,34,833
1,6,832,10,87,832,88,832,89,832,90,832,91,832,92,832,93,832,94,831,94,830,94,830,95,830,95,830,95,831,95,832,95,833,95,834,95,835,95,835,94,835,93,835,92,835,91,835,90,835,89,835,88,835,87,835,86,835,85,835,84,835,83,835,83,835,84,835,84,834,84,834,85,834,85,833,85,833,86,833
1,6,832,10,132,832,132,831,131,831,131,831,131,830,130,830,130,830,131,830,132,830,133,830,134,830,135,830,136,830,137,830,138,830,139,830,140,830,140,830,139,830,138,830,138,831,138,831,137,831,137,832,137,832,136,832,135,832,134,832,133,832,132,832
1,6,832,10,158,832,159,832,160,832,161,832,162,832,162,831,162,831,163,832,164,832,165,831,165,830,165,830,166,830,166,830,166,831,166,832,166,833,166,834,166,835,166,835,165,835,164,835,163,835,162,835,161,835,160,835,159,835,158,835,157,835,156,835,155,835,154,835,154,835,155,835,155,834,155,834,156,834,156,833,156,833,157,833
1,6,832,10,180,832,180,831,179,831,179,831,179,830,178,830,178,830,179,830,180,830,181,830,182,830,183,830,184,830,185,830,186,830,187,830,188,830,188,830,187,831,186,831,185,831,185,832,185,832,184,832,183,832,182,832,181,832,180,832
1,6,832,10,212,832,212,831,212,830,213,830,213,831,213,832,213,833,213,834,214,835,214,835,213,835,212,835,212,834,212,833
1,6,832,10,230,832,231,832,232,832,233,832,234,832,235,832,236,832,236,831,236,830,237,830,237,831,237,832,237,833,237,834,237,835,236,835,235,835,234,835,233,835,232,835,231,835,230,835,229,835,228,835,227,835,226,835,226,835,227,835,227,834,227,834,228,834,228,833,228,833,229,833
1,6,832,10,260,832,260,831,260,830,261,830,261,831,261,832,261,833,261,834,261,835,260,835,260,834,260,833
1,6,832,10,273,832,273,831,273,830,273,830,273,831,273,832,273,833,273,834,273,835,274,835,274,835,273,835,273,834,273,833
1,6,832,10,284,832,284,831,284,831,285,831,285,830,285,830,286,830,287,830,288,830,289,830,290,830,291,830,292,830,293,830,294,830,295,830,296,830,297,830,298,830,298,830,298,831,298,832,298,833,298,834,298,835,298,835,297,835,296,835,295,835,294,835,293,835,292,835,291,835,290,835,289,835,288,835,287,835,286,835,285,835,285,835,285,834,284,834,284,834,284,833
1,6,832,10,455,832,455,831,454,831,454,831,454,830,453,830,452,830,451,830,450,830,449,830,448,830,448,830,449,830,450,830,451,830,452,830,453,830,454,830,455,830,456,830,457,830,457,830,457,831,457,832,456,833,456,834,456,835,455,835,455,834,455,833
1,6,832,10,456,832,456,831,455,831,455,832
1,6,832,10,467,832,467,831,467,830,468,830,469,830,470,830,471,830,472,830,473,830,474,830,475,830,476,830,477,830,478,830,479,830,480,830,481,831,481,832,481,833,481,833,480,833,480,834,480,835,479,835,478,835,477,835,476,835,475,835,474,835,473,835,472,835,471,835,470,835,469,835,468,835,467,835,467,834,467,833
1,6,832,10,624,832,624,831,624,830,624,829,624,829,625,829,625,829,625,830,625,831,625,832,625,833,625,834,625,834,624,834,624,834,624,833
1,6,831,10,807,831,807,830,807,829,808,829,808,830,808,831,808,832,808,833,808,834,807,834,807,833,807,832
1,6,831,10,979,831,979,830,979,829,979,828,979,828,979,829,979,830,979,831,979,832,979,833,979,833,979,832
1,8,841,10,13,841,13,840,13,839,14,839,15,839,16,839,17,839,17,839,17,840,17,841,17,842,17,843,17,844,17,844,16,844,15,844,14,844,13,844,13,843,13,842
1,8,841,10,23,841,23,840,23,839,23,839,23,840,23,841,23,842,23,843,23,844,24,844,24,844,23,844,23,843,23,842
1,8,841,10,36,841,36,840,35,839,35,839,36,839,37,839,38,839,39,839,40,839,41,839,42,839,43,839,44,839,45,839,46,839,47,839,48,839,49,839,50,839,51,839,52,839,53,839,54,839,55,839,56,839,56,839,56,840,56,841,55,842,54,843,54,844,54,844,53,844,52,844,51,844,50,844,49,844,48,844,47,844,46,844,45,844,44,844,43,844,42,844,41,844,40,844,39,844,39,844,39,843,38,843,38,843,38,842,37,842,37,842,37,841,36,841
1,8,841,10,85,841,85,840,84,840,84,840,84,839,83,839,83,839,84,839,85,839,86,839,87,839,88,839,89,839,90,839,91,839,92,839,93,839,93,839,92,840,91,840,90,840,90,841,90,841,89,841,88,841,87,841,86,841,85,841
1,8,841,10,156,841,156,840,155,840,155,840,155,839,154,839,154,839,155,839,156,839,157,839,158,839,159,839,160,839,161,839,162,839,163,839,164,839,164,839,163,840,162,840,161,840,161,841,161,841,160,841,159,841,158,841,157,841,156,841
1,8,841,10,207,841,208,841,209,841,210,841,211,841,212,840,212,839,212,839,213,839,213,839,213,840,213,841,213,842,213,843,213,844,213,844,212,844,211,844,210,844,209,844,208,844,207,844,206,844,205,844,204,844,203,844,202,844,202,844,203,843,204,842,205,842,206,842
1,8,841,10,227,841,227,840,226,840,226,840,226,839,225,839,225,839,226,839,227,839,228,839,229,839,230,839,231,839,232,839,233,839,234,839,235,839,236,839,236,839,235,839,235,840,235,840,234,840,233,841,232,841,231,841,230,841,229,841,228,841,227,841
1,8,842,10,253,842,254,842,255,842,255,841,255,841,256,841,257,841,258,841,259,841,260,841,260,840,260,839,261,839,261,840,261,841,261,842,261,843,261,844,260,844,259,844,258,844,257,844,256,844,255,844,254,844,253,844,252,844,251,844,250,844,250,844,251,844,251,843,251,843,252,843
1,8,841,10,273,841,273,840,273,839,273,839,273,840,273,841,273,842,273,843,273,844,274,844,274,844,273,844,273,843,273,842
1,8,841,10,289,841,290,841,291,841,292,841,293,841,293,841,293,842,294,842,295,842,296,842,296,842,296,843,297,843,297,843,297,844,298,844,298,844,297,844,296,844,295,844,294,844,293,844,292,844,291,844,290,844,289,844,288,844,287,844,286,844,285,844,284,844,284,844,285,843,286,842,287,842,288,842
1,8,842,10,455,842,455,841,455,840,455,839,455,839,456,839,456,839,456,840,456,841,456,842,456,843,456,844,456,844,455,844,455,844,455,843
1,8,842,10,469,842,470,842,471,842,472,842,473,842,474,842,475,842,476,842,477,842,478,842,479,842,479,842,479,843,480,843,480,843,480,844,481,844,481,844,480,844,479,844,478,844,477,844,476,844,475,844,474,844,473,844,472,844,471,844,470,844,469,844,468,844,467,844,467,844,468,843
1,8,841,10,625,841,625,840,624,840,624,840,624,839,624,839,625,839,625,839,625,840,625,841,625,842,625,843,625,844,625,844,624,844,624,844,625,843,625,842
1,8,841,10,807,841,807,840,807,839,807,838,807,838,808,838,808,838,807,839,807,840,807,841,807,842,807,843,807,843,807,842
1,8,840,10,979,840,979,839,978,838,978,838,979,838,979,838,979,839,979,840,979,841,979,842,979,843,979,843,978,843,978,843,979,842,979,841
