1,1,474,9,16,474,16,473,16,473,17,473,17,472,17,471,18,471,19,471,20,471,21,471,21,471,21,472,21,473,21,474,21,475,20,476,20,477,20,478,19,478,18,478,17,478,16,478,15,478,15,478,16,478,16,477,16,476,16,475
1,1,474,9,24,474,24,473,24,472,24,471,24,471,25,471,25,471,25,472,25,473,25,474,25,475,25,476,25,477,25,478,25,478,24,478,24,478,24,477,24,476,24,475
1,1,474,9,38,474,38,473,38,473,39,473,40,473,41,473,42,473,43,473,44,473,45,473,46,473,47,473,48,473,49,474,49,475,49,476,50,477,51,478,51,478,50,478,49,478,48,478,47,478,46,478,46,478,46,477,45,477,45,477,45,476,44,476,43,476,42,476,41,476,40,476,40,477,40,477,39,477,39,478,39,478,38,478,37,478,36,478,36,478,37,477,38,476,38,475
1,1,474,9,95,474,96,474,97,474,97,473,97,473,97,474,97,475,97,476,97,477,97,478,96,478,95,478,95,478,95,477,95,476,95,475
1,1,474,9,176,474,176,473,176,473,177,473,177,473,177,474,177,475,177,476,177,477,176,477,176,476,176,475
1,1,475,9,259,475,259,474,259,474,260,474,260,474,260,475,260,476,260,477,261,478,261,478,260,478,259,478,259,477,259,476
1,1,475,9,302,475,302,474,302,473,302,472,302,471,303,471,303,472,303,473,303,474,303,475,303,476,303,477,303,478,302,478,302,477,302,476
1,1,475,9,351,475,351,474,351,474,352,474,352,474,352,475,352,476,352,477,353,478,353,478,352,478,351,478,351,477,351,476
1,1,475,9,431,475,431,474,431,474,432,474,432,474,432,475,432,476,432,477,432,478,431,478,431,477,431,476
1,1,475,9,526,475,526,474,526,473,526,472,526,471,527,471,527,472,527,473,527,474,527,475,527,476,527,477,527,478,526,478,526,477,526,476
1,1,475,9,548,475,548,474,548,474,549,474,550,474,550,475,550,476,550,477,550,478,550,478,549,478,548,478,548,477,548,476
1,1,475,9,629,475,629,474,629,474,630,474,630,474,630,475,630,476,630,477,631,478,631,478,630,478,629,478,629,477,629,476
1,1,475,9,711,475,711,474,711,474,712,474,713,474,713,475,713,476,713,477,713,478,713,478,712,478,711,478,711,477,711,476
1,1,475,9,753,475,753,474,753,473,753,472,753,471,754,471,754,472,754,473,754,474,754,475,754,476,754,477,754,478,753,478,753,477,753,476
1,1,475,9,802,475,802,474,802,474,803,474,804,474,804,475,804,476,804,477,804,478,804,478,803,478,802,478,802,477,802,476
1,1,475,9,882,475,882,474,882,474,882,475,882,476,882,477,882,478,882,478,882,477,882,476
1,1,474,9,980,474,980,473,980,472,980,471,980,470,981,470,981,471,981,472,981,473,981,474,981,475,981,476,981,477,980,477,980,476,980,475
1,3,484,9,14,484,14,483,14,482,15,481,16,481,17,481,18,481,19,481,19,481,19,482,19,483,18,484,18,485,18,486,18,487,18,488,17,488,16,488,15,488,14,488,13,488,13,488,14,488,14,487,14,486,14,485
1,3,484,9,24,484,24,483,24,482,24,481,24,481,25,481,25,481,25,482,25,483,25,484,25,485,25,486,25,487,25,488,25,488,24,488,24,488,24,487,24,486,24,485
1,3,484,9,35,484,35,483,35,482,35,481,35,481,36,481,36,480,36,480,37,480,38,480,39,480,40,480,41,481,42,481,42,481,42,482,43,482,43,482,43,483,43,484,43,485,43,486,43,487,43,487,42,487,41,487,40,487,39,487,38,487,37,487,36,486,35,485
1,3,484,9,48,484,48,483,48,482,48,481,48,480,49,480,50,480,51,480,52,480,53,480,54,480,55,480,56,480,57,480,58,480,58,480,58,481,58,481,57,481,57,482,58,483,58,484,57,485,57,486,58,486,58,486,58,487,58,487,57,487,56,487,55,487,54,487,53,487,52,487,51,487,50,487,49,487,48,487,48,486,48,485
1,3,484,9,95,484,95,483,95,482,95,481,95,480,96,480,97,480,98,480,98,481,98,482,99,482,99,482,99,483,100,483,101,483,102,483,102,483,102,484,102,485,102,486,102,487,101,487,100,487,99,487,98,487,97,487,96,487,95,487,95,486,95,485
1,3,484,9,116,484,116,483,116,482,116,481,115,480,115,480,116,480,117,480,118,480,118,480,118,481,119,482,120,483,121,483,122,483,122,484,122,485,122,486,121,487,120,487,119,487,118,487,117,487,116,487,115,487,115,487,116,486,116,485
1,3,484,9,175,484,175,483,175,482,176,481,176,480,176,480,177,480,178,480,179,481,179,482,179,483,180,483,181,483,182,483,182,483,182,484,182,485,182,486,183,487,183,487,182,487,181,487,180,487,179,487,178,487,177,487,176,487,176,487,176,486,175,485
1,3,484,9,196,484,196,483,195,483,195,484
1,3,484,9,197,484,197,483,196,483,196,484
1,3,484,9,198,484,198,483,197,483,197,484
1,3,484,9,199,484,199,483,198,483,198,484
1,3,484,9,200,484,200,483,199,483,199,484
1,3,484,9,201,484,201,483,200,483,200,484
1,3,484,9,202,484,202,483,201,483,201,484
1,3,485,9,259,485,259,484,259,483,259,482,259,481,260,481,261,481,262,481,262,482,262,483,263,483,263,483,263,484,264,484,265,484,266,484,266,484,266,485,266,486,266,487,267,488,267,488,266,488,265,488,264,488,263,488,262,487,261,487,260,488,259,488,259,487,259,486
1,3,485,9,276,485,276,484,276,484,277,484,278,484,279,484,279,484,279,485,279,486,279,487,280,487,280,487,280,488,281,488,281,488,280,488,279,488,278,488,277,488,276,488,275,488,275,488,276,487,276,486
1,3,485,9,302,485,302,484,302,483,302,482,302,481,303,481,303,482,303,483,303,484,303,485,303,486,303,487,303,488,302,488,302,487,302,486
1,3,485,9,314,485,314,484,314,484,315,484,316,484,317,484,317,484,317,485,317,486,317,487,318,487,318,487,318,488,318,488,317,488,316,488,315,488,314,488,313,488,313,488,314,487,314,486
1,3,484,9,351,484,351,483,351,482,351,481,351,480,352,480,353,480,353,480,353,481,354,482,355,483,356,483,357,483,357,484,357,485,357,486,357,487,358,487,358,487,357,487,356,487,355,487,354,487,353,487,352,487,351,487,351,486,351,485
1,3,484,9,371,484,371,483,371,482,371,481,371,481,372,481,373,481,374,481,374,481,374,482,375,482,375,482,375,483,376,483,376,483,376,484,377,484,377,484,377,485,377,486,377,487,377,488,376,488,375,488,374,488,373,488,372,488,371,488,371,488,371,487,371,486,371,485
1,3,485,9,431,485,431,484,431,483,431,482,431,481,432,481,432,482,432,483,432,484,432,485,432,486,432,487,432,488,431,488,431,487,431,486
1,3,485,9,484,485,484,484,484,483,484,482,484,481,485,481,485,482,485,483,485,484,485,485,485,486,485,487,485,488,484,488,484,487,484,486
1,3,485,9,526,485,526,484,526,483,526,482,526,481,527,481,527,482,527,483,527,484,527,485,527,486,527,487,527,488,526,488,526,487,526,486
1,3,485,9,548,485,548,484,548,483,548,482,548,481,549,481,550,481,551,481,552,482,552,483,552,484,553,484,554,484,555,484,555,484,555,485,555,486,555,487,556,488,556,488,555,488,554,488,553,488,552,488,551,487,550,487,550,488,550,488,549,488,548,488,548,487,548,486
1,3,485,9,569,485,569,484,569,483,569,482,569,481,570,481,571,481,572,481,572,482,572,483,573,483,574,483,575,484,575,485,575,486,575,487,575,488,575,488,574,488,573,488,572,488,571,488,570,488,569,488,568,488,568,488,569,487,569,486
1,3,485,9,629,485,629,484,629,483,629,482,629,481,630,481,631,481,632,481,632,482,632,483,633,483,633,483,633,484,634,484,635,484,635,485,635,486,636,487,637,488,637,488,636,488,635,488,634,488,633,488,632,487,631,487,630,488,629,488,629,487,629,486
1,3,485,9,649,485,649,484,649,483,649,482,649,481,650,481,651,481,652,481,653,482,654,483,655,483,656,483,656,484,656,485,656,486,655,487,655,488,655,488,654,488,653,488,652,488,651,488,650,488,649,488,648,488,648,488,649,487,649,486
1,3,485,9,711,485,711,484,711,483,711,482,711,481,712,481,713,481,714,481,715,482,715,483,715,484,716,484,717,484,718,484,718,484,718,485,718,486,718,487,719,488,719,488,718,488,717,488,716,488,715,488,714,487,713,487,713,488,713,488,712,488,711,488,711,487,711,486
1,3,485,9,728,485,728,484,728,484,729,484,730,484,731,484,731,484,731,485,731,486,731,487,732,488,732,488,731,488,730,488,729,488,728,488,727,488,727,488,727,487,727,487,728,487,728,486
1,3,485,9,753,485,753,484,753,483,753,482,753,481,754,481,754,482,754,483,754,484,754,485,754,486,754,487,754,488,753,488,753,487,753,486
1,3,485,9,765,485,765,484,764,484,764,485
1,3,485,9,766,485,766,484,765,484,765,485
1,3,485,9,767,485,767,484,766,484,766,485
1,3,485,9,768,485,768,484,767,484,767,485
1,3,485,9,802,485,802,484,802,483,802,482,802,481,803,481,804,481,805,481,805,482,805,483,806,483,806,483,806,484,807,484,808,484,809,484,809,484,809,485,809,486,809,487,810,488,810,488,809,488,808,488,807,488,806,488,805,487,804,487,803,488,802,488,802,487,802,486
1,3,485,9,822,485,822,484,822,483,822,482,822,481,823,481,824,481,824,481,824,482,825,482,825,482,825,483,826,483,826,483,826,484,827,484,828,484,828,485,828,486,828,487,827,488,826,488,825,488,824,488,823,488,822,488,821,488,821,488,821,487,821,487,822,487,822,486
1,3,484,9,881,484,881,483,881,482,881,481,881,481,882,481,882,481,882,482,882,483,882,484,882,485,882,486,882,487,882,488,882,488,881,488,881,488,881,487,881,486,881,485
1,3,484,9,934,484,934,483,934,482,934,481,934,480,935,480,935,481,935,482,935,483,935,484,935,485,935,486,935,487,934,487,934,486,934,485
1,3,484,9,979,484,979,483,979,482,980,481,980,480,980,480,981,480,981,480,981,481,981,482,981,483,981,484,981,485,981,486,981,487,981,487,980,487,980,487,980,486,979,485
1,5,493,9,13,493,13,492,13,491,13,490,13,490,14,490,15,490,16,490,17,490,18,490,18,490,17,491,17,492,17,493,17,494,17,494,16,494,16,495,16,496,16,497,16,497,15,497,14,497,13,496,13,495,13,494
1,5,493,9,24,493,24,492,24,491,24,490,24,490,25,490,25,490,25,491,25,492,25,493,25,494,25,495,25,496,25,497,25,497,24,497,24,497,24,496,24,495,24,494
1,5,493,9,45,493,45,492,45,492,46,492,47,491,47,490,47,490,48,490,48,489,48,489,49,489,50,489,51,489,52,489,53,489,54,489,55,489,56,489,57,489,58,489,58,490,57,491,57,492,57,493,56,493,55,493,55,493,55,492,55,491,55,490,54,490,53,491,53,492,53,493,52,493,51,493,51,494,51,494,50,494,50,495,50,495,49,495,49,496,49,496,48,496,47,496,46,496,45,496,44,496,44,496,45,495,45,494
1,5,493,9,95,493,95,492,95,491,95,490,95,489,96,489,96,490,96,491,96,492,96,493,96,494,96,495,96,496,95,496,95,495,95,494
1,5,493,9,102,493,102,492,102,491,102,490,101,490,101,490,101,489,101,489,102,489,103,489,104,490,104,491,104,492,104,493,104,494,104,495,104,496,104,496,103,496,103,496,103,495,103,494,103,493,102,493
1,5,493,9,113,493,113,492,113,491,113,490,113,490,114,490,114,489,114,489,115,489,116,489,117,489,118,489,119,489,120,489,120,489,119,489,119,490,119,491,119,492,119,493,118,494,118,495,119,496,119,496,118,496,117,496,116,496,116,496,116,495,115,495,115,495,115,494,114,494,114,494,114,493,113,493
1,5,493,9,176,493,176,492,176,491,176,490,176,489,177,489,177,490,177,491,177,492,177,493,177,494,177,495,177,495,176,495,176,496,176,496,176,495,176,494
1,5,493,9,182,493,182,492,182,491,182,490,181,489,181,489,182,489,183,489,184,489,184,489,184,490,185,491,185,492,185,493,185,494,185,495,185,496,184,496,184,495,184,494,183,494,183,494,183,493,182,493
1,5,493,9,193,493,193,492,193,491,193,490,193,490,194,490,194,489,194,489,195,489,196,489,197,489,198,489,199,489,200,489,201,489,201,489,200,490,200,491,200,492,200,493,200,493,199,493,199,494,199,495,199,496,199,496,198,496,197,496,196,496,196,496,196,495,195,494,194,493,193,493
1,5,494,9,259,494,259,493,259,492,259,491,259,490,260,490,260,491,260,492,260,493,260,494,260,495,260,496,260,497,259,497,259,496,259,495
1,5,494,9,265,494,265,493,265,492,265,491,265,490,266,490,267,490,267,490,267,491,268,491,268,491,268,492,268,493,268,494,268,495,268,496,268,497,267,497,267,496,267,495,266,494,265,494
1,5,494,9,276,494,276,493,276,492,276,491,275,490,275,490,276,490,277,490,278,490,279,490,280,490,281,490,282,490,283,490,284,490,285,490,285,491,285,492,286,493,286,494,285,494,284,494,283,495,282,496,282,497,282,497,281,497,280,497,280,497,281,497,281,496,281,495,281,494,280,494,279,494,278,494,277,494,276,494
1,5,494,9,302,494,302,493,302,492,302,491,302,490,303,490,303,491,303,492,303,493,303,494,303,495,302,496,302,497,302,497,302,496,302,495
1,5,494,9,314,494,314,493,314,492,314,491,313,490,313,490,314,490,315,490,316,490,317,490,318,490,319,490,320,490,321,490,322,490,323,490,323,491,323,492,323,493,323,494,323,494,322,494,321,495,320,496,320,497,320,497,319,497,318,497,318,497,319,497,319,496,319,495,319,494,318,494,317,494,316,494,315,494,314,494
1,5,494,9,350,494,350,493,350,492,351,491,351,490,351,490,352,490,352,490,352,491,352,492,352,493,352,494,352,495,352,496,352,497,352,497,351,497,351,497,351,496,350,495
1,5,494,9,357,494,357,493,357,492,357,491,357,490,358,490,359,490,359,490,359,491,360,491,360,491,360,492,360,493,360,494,360,495,360,496,360,497,359,497,359,496,359,495,358,494,357,494
1,5,494,9,368,494,368,493,368,492,368,491,368,491,369,491,369,490,369,490,370,490,371,490,372,490,373,490,374,490,375,490,376,490,376,490,375,491,375,492,375,493,375,494,375,495,374,496,374,497,375,497,375,497,374,497,373,497,372,497,372,496,372,495,371,495,371,495,371,494,370,494,369,494,368,494
1,5,494,9,431,494,431,493,431,492,431,491,431,490,432,490,432,491,432,492,432,493,432,494,432,495,432,496,432,497,431,497,431,496,431,495
1,5,494,9,484,494,484,493,484,492,484,491,484,490,485,490,485,491,485,492,485,493,485,494,485,495,485,496,485,497,484,497,484,496,484,495
1,5,494,9,526,494,526,493,526,492,526,491,526,490,527,490,527,491,527,492,527,493,527,494,527,495,527,496,527,497,526,497,526,496,526,495
1,5,494,9,548,494,548,493,548,492,548,491,548,490,549,490,550,490,550,490,550,491,550,492,550,493,550,494,550,495,550,495,549,495,549,496,549,497,548,497,548,496,548,495
1,5,494,9,555,494,555,493,555,492,555,491,554,490,554,490,555,490,556,490,557,490,557,490,557,491,558,492,558,493,558,494,558,495,558,496,558,497,557,497,557,496,557,495,556,495,556,495,556,494,555,494
1,5,494,9,566,494,566,493,566,492,566,491,566,491,567,491,567,490,567,490,568,490,569,490,570,490,571,490,572,490,573,490,573,491,573,492,573,493,573,494,573,494,572,494,572,495,572,496,572,497,572,497,571,497,570,497,569,496,568,495,567,494,566,494
1,5,494,9,629,494,629,493,629,492,629,491,629,490,630,490,630,491,630,492,630,493,630,494,630,495,630,496,630,497,629,497,629,496,629,495
1,5,494,9,635,494,635,493,635,492,635,491,635,490,636,490,637,490,637,490,637,491,638,492,638,493,638,494,638,495,638,496,638,497,637,497,637,496,637,495,636,494,635,494
1,5,494,9,646,494,646,493,646,492,646,491,646,491,647,491,647,490,647,490,648,490,649,490,650,490,651,490,652,490,653,490,654,490,654,490,653,491,653,492,653,493,653,494,653,494,652,494,652,495,652,496,652,497,653,497,653,497,652,497,651,497,650,497,649,496,649,495,649,494,648,494,647,494,646,494
1,5,494,9,711,494,711,493,711,492,711,491,711,490,712,490,712,491,712,492,712,493,712,494,712,495,712,496,712,497,711,497,711,496,711,495
1,5,494,9,718,494,718,493,718,492,718,491,717,490,717,490,718,490,719,490,720,490,720,490,720,491,721,492,721,493,721,494,721,495,721,496,721,497,720,497,719,497,719,497,719,496,719,495,719,494,718,494
1,5,494,9,728,494,728,493,728,492,728,491,727,491,727,491,727,490,727,490,728,490,729,490,730,490,731,490,732,490,733,490,734,490,735,490,736,490,737,490,737,491,737,492,737,493,737,494,737,494,736,494,735,495,734,496,733,497,732,497,732,496,733,495,733,494,732,494,731,494,730,494,729,494,728,494
1,5,494,9,753,494,753,493,753,492,753,491,753,490,754,490,754,491,754,492,754,493,754,494,754,495,754,496,754,497,753,497,753,496,753,495
1,5,494,9,765,494,765,493,765,492,765,491,765,490,766,490,767,490,768,490,769,490,770,490,771,490,772,490,773,490,774,490,774,491,774,492,774,493,774,494,774,494,773,494,772,495,771,496,771,497,771,497,770,497,769,497,769,497,770,497,770,496,770,495,770,494,769,494,768,494,767,494,766,494,765,494
1,5,494,9,802,494,802,493,802,492,802,491,802,490,803,490,803,491,803,492,803,493,803,494,803,495,803,496,803,497,802,497,802,496,802,495
1,5,494,9,809,494,809,493,809,492,809,491,808,490,808,490,809,490,810,490,811,490,811,490,811,491,811,492,811,493,811,494,811,495,811,496,811,497,811,497,810,497,810,497,810,496,810,495,810,494,809,494
1,5,494,9,819,494,819,493,819,492,819,491,819,490,820,490,821,490,822,490,823,490,824,490,825,490,826,490,826,490,825,490,825,491,825,492,825,493,825,494,825,495,825,496,825,497,825,497,824,497,823,497,822,496,821,495,820,494,819,494
1,5,494,9,881,494,881,493,881,492,881,491,881,490,882,490,882,491,882,492,882,493,882,494,882,495,882,496,882,497,881,497,881,496,881,495
1,5,493,9,934,493,934,492,934,491,934,490,934,490,935,490,935,490,935,491,935,492,935,493,935,494,935,495,935,496,935,497,935,497,934,497,934,497,934,496,934,495,934,494
1,5,493,9,980,493,980,492,980,491,980,490,980,489,981,489,981,490,981,491,981,492,981,493,981,494,981,495,981,496,980,496,980,495,980,494
1,7,502,9,15,502,15,501,14,500,14,499,15,499,16,499,16,499,16,500,17,500,17,500,17,501,17,502,17,503,18,504,18,505,18,506,19,506,19,506,18,506,17,506,17,506,17,505,16,505,16,505,16,504,15,503
1,7,502,9,24,502,24,501,24,500,24,499,24,499,25,499,25,499,25,500,25,501,25,502,25,503,25,504,25,505,25,506,25,506,24,506,24,506,24,505,24,504,24,503
1,7,502,9,36,502,36,501,36,501,37,501,38,501,39,501,40,500,41,500,42,500,42,499,42,499,43,499,43,498,43,498,44,498,45,498,46,498,47,498,47,498,46,498,46,499,46,500,46,501,46,502,45,502,44,502,43,502,42,502,42,503,42,503,41,503,40,504,39,504,38,504,37,505,37,505,37,504,36,504,36,504,36,503
1,7,502,9,86,502,86,501,86,501,87,501,88,501,89,501,90,501,91,501,92,501,93,501,94,501,95,501,95,500,95,499,95,498,95,498,96,498,96,498,96,499,96,500,96,501,96,502,96,503,96,504,96,505,96,505,95,505,94,505,93,505,92,505,91,505,90,505,89,505,88,505,87,505,86,505,85,505,85,505,86,504,86,503
1,7,502,9,101,502,101,501,101,501,102,501,102,500,102,500,103,500,103,499,103,498,104,498,104,499,104,500,104,501,104,502,104,502,103,502,103,503,103,503,102,503,102,504,102,504,101,504,101,504,101,503
1,7,502,9,111,502,111,501,111,500,112,500,113,500,113,499,113,499,114,499,115,499,116,499,117,498,118,498,119,498,119,498,119,499,120,499,120,499,120,500,120,501,120,502,120,502,119,502,118,502,117,502,116,503,116,504,116,505,115,505,114,505,113,505,112,505,112,505,112,504,111,504,111,504,111,503
1,7,502,9,167,502,167,501,167,501,168,501,169,501,170,501,171,501,172,501,173,501,174,501,175,500,175,499,175,499,176,499,176,498,176,498,176,499,176,500,177,501,177,502,177,503,177,504,176,505,175,505,174,505,173,505,172,505,171,505,170,505,169,505,168,505,167,505,166,505,165,505,165,505,166,505,166,504,166,504,167,504,167,503
1,7,502,9,181,502,181,501,181,501,182,501,183,500,183,499,183,499,184,499,184,498,184,498,185,498,185,498,184,499,184,500,184,501,184,502,184,503,183,503,182,503,182,504,182,504,181,504,181,504,181,503
1,7,502,9,192,502,192,501,192,500,193,499,194,499,195,499,196,499,197,499,197,498,197,498,198,498,199,498,200,498,200,498,200,499,201,500,201,501,201,502,201,503,200,503,199,503,198,503,197,503,196,504,196,505,196,505,195,505,194,505,193,505,193,505,193,504,192,504,192,504,192,503
1,7,503,9,250,503,250,502,250,502,251,502,252,502,253,502,254,502,255,502,256,502,257,502,258,501,259,500,259,499,259,499,260,499,260,499,260,500,260,501,260,502,260,503,260,504,260,505,260,506,260,506,259,506,258,506,257,506,256,506,255,506,254,506,253,506,252,506,251,506,250,506,249,506,248,506,248,506,249,506,249,505,249,505,250,505,250,504
1,7,503,9,265,503,265,502,265,502,266,502,266,501,266,501,267,501,267,500,267,499,268,499,268,500,268,501,268,502,268,503,268,503,267,503,266,504,265,505,265,505,265,504
1,7,503,9,279,503,279,502,279,501,279,500,279,499,280,499,281,499,281,499,281,500,281,500,280,500,280,501,280,502,280,503,280,503,279,503
1,7,503,9,302,503,302,502,302,501,302,500,302,499,302,499,302,500,303,501,303,502,303,503,303,504,302,505,302,506,302,506,302,505,302,504
1,7,503,9,317,503,317,502,317,501,317,500,317,499,318,499,319,499,319,499,318,500,318,501,318,502,318,503,318,503,317,503
1,7,503,9,342,503,342,502,342,502,343,502,344,502,345,502,346,502,347,502,348,502,349,502,350,501,351,500,351,499,351,499,351,500,351,501,352,501,352,501,352,502,352,503,352,504,352,505,352,506,352,506,351,506,350,506,349,506,348,506,347,506,346,506,345,506,344,506,343,506,342,506,341,506,340,506,340,506,341,506,341,505,341,505,342,505,342,504
1,7,503,9,357,503,357,502,357,502,358,502,358,501,358,500,359,499,360,499,360,500,360,501,360,502,360,503,360,503,359,503,358,504,357,505,357,505,357,504
1,7,503,9,367,503,367,502,367,501,368,500,369,499,370,499,371,499,372,499,373,499,374,499,375,499,376,499,377,500,377,501,377,502,377,503,376,503,375,503,374,503,373,503,372,504,372,505,372,506,371,506,370,506,369,506,368,506,368,506,368,505,367,504
1,7,503,9,422,503,422,502,422,502,423,502,424,502,425,502,426,502,427,502,428,502,429,502,430,502,431,502,431,501,431,500,431,499,431,499,432,499,432,499,432,500,432,501,432,502,432,503,432,504,432,505,432,506,432,506,431,506,430,506,429,506,428,506,427,506,426,506,425,506,424,506,423,506,422,506,421,506,421,506,422,505,422,504
1,7,503,9,484,503,484,502,484,501,484,500,484,499,485,499,485,500,485,501,485,502,485,503,485,504,485,505,485,506,484,506,484,505,484,504
1,7,503,9,526,503,526,502,526,501,526,500,526,499,527,499,527,500,527,501,527,502,527,503,527,504,527,505,527,506,526,506,526,505,526,504
1,7,503,9,540,503,540,502,540,502,541,502,542,502,543,502,544,502,545,502,546,502,547,502,548,501,548,500,548,499,549,499,549,500,549,501,550,501,550,501,550,502,550,503,550,504,550,505,550,506,550,506,549,506,548,506,547,506,546,506,545,506,544,506,543,506,542,506,541,506,540,506,539,506,538,506,538,506,539,506,539,505,539,505,540,505,540,504
1,7,503,9,554,503,554,502,554,502,555,502,555,501,555,501,556,501,556,500,556,499,557,499,557,500,557,501,557,502,557,503,557,503,556,503,556,504,556,504,555,504,555,505,555,505,554,505,554,505,554,504
1,7,503,9,565,503,565,502,565,501,566,500,567,499,568,499,569,499,570,499,571,499,572,499,573,499,573,499,573,500,574,500,574,500,574,501,574,502,574,503,574,503,573,503,572,503,571,503,570,504,569,505,569,506,569,506,568,506,567,506,566,506,566,506,566,505,565,505,565,505,565,504
1,7,503,9,620,503,620,502,620,502,621,502,622,502,623,502,624,502,625,502,626,502,627,502,628,501,629,500,629,499,629,499,630,499,630,499,630,500,630,501,630,502,630,503,630,504,630,505,630,506,630,506,629,506,628,506,627,506,626,506,625,506,624,506,623,506,622,506,621,506,620,506,619,506,618,506,618,506,619,506,619,505,619,505,620,505,620,504
1,7,503,9,635,503,635,502,635,501,636,500,637,499,638,499,638,499,637,499,637,500,637,501,637,502,637,503,636,504,635,505,635,505,635,504
1,7,503,9,645,503,645,502,645,501,646,500,647,499,648,499,649,499,650,499,651,499,652,499,653,499,654,499,655,500,655,501,655,502,655,503,654,503,653,503,652,503,651,503,650,504,650,505,650,506,649,506,648,506,647,506,646,506,646,506,646,505,645,504
1,7,503,9,703,503,703,502,703,502,704,502,705,502,706,502,707,502,708,502,709,502,710,502,711,501,711,500,711,499,712,499,712,500,712,501,712,502,712,503,712,504,712,505,712,506,711,506,710,506,709,506,708,506,707,506,706,506,705,506,704,506,703,506,702,506,701,506,701,506,702,506,702,505,702,505,703,505,703,504
1,7,503,9,717,503,717,502,717,502,718,502,718,501,718,501,719,501,719,500,719,499,720,499,720,500,720,501,720,502,720,503,720,503,719,503,718,504,718,505,718,505,717,505,717,505,717,504
1,7,503,9,730,503,730,502,730,501,730,500,730,500,731,500,731,499,731,499,732,499,732,499,732,500,732,501,732,502,732,503,731,503,730,503
1,7,503,9,753,503,753,502,753,501,753,500,753,499,754,499,754,500,754,501,754,502,754,503,754,504,754,505,754,506,753,506,753,505,753,504
1,7,503,9,768,503,768,502,768,501,768,500,768,499,769,499,770,499,770,499,769,500,769,501,769,502,769,503,769,503,768,503
1,7,503,9,793,503,793,502,793,502,794,502,795,502,796,502,797,502,798,502,799,502,800,502,801,501,802,500,802,499,802,499,803,499,803,499,803,500,803,501,803,502,803,503,803,504,803,505,803,506,803,506,802,506,801,506,800,506,799,506,798,506,797,506,796,506,795,506,794,506,793,506,792,506,791,506,791,506,792,506,792,505,792,505,793,505,793,504
1,7,503,9,808,503,808,502,808,502,809,502,809,501,809,501,810,501,810,500,810,499,811,499,811,500,811,501,811,502,811,503,811,503,810,503,809,504,808,505,808,505,808,504
1,7,503,9,817,503,817,502,817,501,818,500,819,500,820,500,820,499,820,499,821,499,822,499,823,499,824,499,825,499,826,499,827,500,827,501,827,502,827,503,826,503,825,503,824,503,823,503,822,504,822,505,822,506,821,506,820,506,819,506,818,505,817,504
1,7,502,9,873,502,873,501,873,501,874,501,875,501,876,501,877,501,878,501,879,501,880,501,881,500,881,499,881,499,882,499,882,499,882,500,882,501,882,502,882,503,882,504,882,505,882,506,882,506,881,506,880,506,879,506,878,506,877,506,876,506,875,506,874,506,873,506,872,506,871,506,871,506,871,505,871,505,872,505,873,504,873,503
1,7,502,9,934,502,934,501,934,500,934,499,934,498,935,498,935,498,934,498,934,499,935,500,935,501,935,502,935,503,935,504,935,505,934,505,934,504,934,503
1,7,502,9,980,502,980,501,980,500,980,499,980,498,981,498,981,499,981,500,981,501,981,502,981,503,981,504,981,505,980,505,980,504,980,503
1,9,511,9,24,511,24,510,24,509,24,508,24,508,25,508,25,508,25,509,25,510,25,511,25,511,24,511
1,9,512,9,84,512,84,511,84,510,84,509,84,508,85,508,86,508,87,508,88,508,89,508,90,508,91,508,92,508,93,508,94,508,95,508,96,508,96,508,95,509,95,510,95,511,95,512,95,512,94,512,93,512,92,512,91,512,90,512,89,512,88,512,87,512,86,512,85,512,84,512
1,9,511,9,164,511,164,510,164,509,164,508,164,508,165,508,165,507,165,507,166,507,167,507,168,507,169,507,170,507,171,507,172,507,173,507,174,507,175,507,176,507,176,507,176,508,176,509,176,510,176,511,175,511,174,511,173,511,172,511,171,511,170,511,169,511,168,511,167,511,166,511,165,511,164,511
1,9,511,9,196,511,196,510,196,509,196,508,195,508,195,508,196,508,197,508,197,508,197,509,197,510,197,511,197,512,196,512
1,9,512,9,248,512,248,511,248,510,248,509,248,508,249,508,250,508,251,508,252,508,253,508,254,508,255,508,256,508,257,508,258,508,259,508,260,508,260,508,259,509,259,510,259,511,259,512,259,512,258,512,257,512,256,512,255,512,254,512,253,512,252,512,251,512,250,512,249,512,248,512
1,9,512,9,302,512,302,511,302,510,302,509,302,508,302,508,302,509,302,510,302,511,302,512
1,9,512,9,340,512,340,511,339,511,339,511,339,510,339,509,339,508,339,508,340,508,341,508,342,508,343,508,344,508,345,508,346,508,347,508,348,508,349,508,350,508,351,508,351,509,350,510,350,511,350,512,349,512,348,512,347,512,346,512,345,512,344,512,343,512,342,512,341,512,340,512
1,9,512,9,420,512,420,511,420,510,420,509,420,508,421,508,422,508,423,508,424,508,425,508,426,508,427,508,428,508,429,508,430,508,431,508,432,508,432,508,432,509,432,509,431,509,431,510,431,511,431,512,431,512,430,512,429,512,428,512,427,512,426,512,425,512,424,512,423,512,422,512,421,512,420,512
1,9,512,9,473,512,473,511,473,511,474,511,474,510,474,510,475,510,475,509,475,509,476,509,476,508,476,508,477,508,478,508,479,508,480,508,481,508,482,508,483,508,484,508,485,508,485,508,485,509,485,510,485,511,485,512,485,513,485,513,484,513,484,514,484,514,483,514,483,515,483,515,482,515,481,515,480,515,479,515,478,515,477,515,476,515,475,515,474,515,474,515,474,514,473,514,473,514,473,513
1,9,512,9,526,512,526,511,526,510,526,509,526,508,527,508,527,509,527,510,527,511,527,512,527,512,526,512
1,9,512,9,537,512,537,511,537,510,537,509,537,508,538,508,539,508,540,508,541,508,542,508,543,508,544,508,545,508,546,508,547,508,548,508,549,508,549,508,549,509,549,509,548,509,548,510,548,511,548,512,548,512,547,512,546,512,545,512,544,512,543,512,542,512,541,512,540,512,539,512,538,512,537,512
1,9,512,9,570,512,570,511,570,510,570,509,569,509,569,509,569,508,568,508,568,508,569,508,570,508,570,508,570,509,570,510,570,511,570,512
1,9,512,9,617,512,617,511,617,510,617,509,617,508,618,508,619,508,620,508,621,508,622,508,623,508,624,508,625,508,626,508,627,508,628,508,629,508,629,508,629,509,629,510,629,511,629,512,628,512,627,512,626,512,625,512,624,512,623,512,622,512,621,512,620,512,619,512,618,512,617,512
1,9,512,9,650,512,650,511,650,510,650,509,649,509,649,509,649,508,648,508,648,508,649,508,650,508,650,508,650,509,650,510,650,511,651,511,651,511,651,512,651,512,650,512
1,9,512,9,700,512,700,511,700,510,700,509,700,508,701,508,702,508,703,508,704,508,705,508,706,508,707,508,708,508,709,508,710,508,711,508,712,508,712,508,712,509,712,509,711,509,711,510,711,511,711,512,711,512,710,512,709,512,708,512,707,512,706,512,705,512,704,512,703,512,702,512,701,512,700,512
1,9,512,9,753,512,753,511,753,510,753,509,753,508,754,508,754,509,754,510,754,511,754,512,754,512,753,512
1,9,512,9,791,512,791,511,791,510,791,509,791,508,792,508,793,508,794,508,795,508,796,508,797,508,798,508,799,508,800,508,801,508,802,508,803,508,803,508,802,509,801,510,801,511,801,512,800,512,799,512,798,512,797,512,796,512,795,512,794,512,793,512,792,512,791,512
1,9,512,9,870,512,870,511,870,510,870,509,870,508,871,508,872,508,873,508,874,508,875,508,876,508,877,508,878,508,879,508,880,508,881,508,882,508,882,508,881,509,881,510,881,511,881,512,881,512,880,512,879,512,878,512,877,512,876,512,875,512,874,512,873,512,872,512,871,512,870,512
1,9,511,9,923,511,923,510,923,510,924,510,924,509,924,509,925,509,925,508,925,508,926,508,927,508,928,508,929,508,930,508,931,508,932,508,933,508,934,508,935,508,935,509,935,510,935,511,935,512,935,512,934,512,934,513,934,513,933,513,933,514,933,514,932,514,931,515,930,515,929,515,928,515,927,515,926,515,925,515,924,515,923,514,923,513,923,512
1,9,511,9,980,511,980,510,980,509,980,508,980,507,981,507,981,508,981,509,981,510,980,511
1,2,479,9,15,479,15,478,15,478,16,478,16,477,16,477,17,477,18,477,19,477,20,477,20,478,19,479,19,480,19,481,18,481,17,481,16,481,15,481,15,481,15,480
1,2,479,9,24,479,24,478,24,477,25,477,25,478,25,479,25,480,25,481,25,481,24,481,24,481,24,480
1,2,479,9,36,479,36,478,36,478,37,478,37,477,37,477,38,477,39,477,40,477,40,477,39,478,39,479,40,480,41,481,42,481,42,481,41,481,40,481,39,481,38,481,37,481,36,481,35,481,35,481,36,481,36,480
1,2,479,9,47,479,47,478,46,478,46,478,46,477,45,477,45,477,46,477,47,477,48,477,49,477,50,477,51,478,51,479,51,480,52,480,53,479,54,478,55,477,56,477,57,477,57,477,57,478,58,478,58,478,58,479,58,480,58,481,58,481,57,481,56,481,55,481,54,481,53,481,52,481,51,481,50,481,49,481,48,481,48,480,48,479,47,479
1,2,479,9,95,479,95,478,95,477,96,477,97,477,97,477,97,478,97,479,97,480,98,480,98,480,98,481,98,481,97,481,96,481,95,481,95,481,95,480
1,2,479,9,115,479,115,478,115,478,116,478,116,478,116,479,117,479,117,479,117,480,118,480,118,480,118,481,118,481,117,481,116,481,115,480
1,2,479,9,176,479,176,478,176,477,177,477,178,478,178,479,178,480,179,481,179,481,178,481,177,481,176,481,176,481,176,480
1,2,479,9,196,479,196,478,196,478,197,479,198,480,199,481,199,481,198,481,197,481,196,481,196,481,196,480
1,2,480,9,259,480,259,479,259,478,260,478,261,478,261,478,261,479,261,480,261,481,262,481,262,481,262,482,262,482,261,482,260,482,259,482,259,482,259,481
1,2,480,9,302,480,302,479,302,478,303,478,303,479,303,480,303,481,303,482,303,482,302,482,302,482,302,481
1,2,479,9,351,479,351,478,351,477,352,477,353,478,353,479,353,480,353,481,352,481,351,481,351,481,351,480
1,2,479,9,371,479,371,478,371,478,372,479,373,480,374,481,374,481,373,481,372,481,371,481,371,481,371,480
1,2,480,9,431,480,431,479,431,478,432,478,432,479,432,480,432,481,432,482,432,482,431,482,431,482,431,481
1,2,480,9,484,480,484,479,484,479,485,479,485,478,485,478,485,479,485,480,485,481,485,482,485,482,484,482,484,482,484,481
1,2,480,9,526,480,526,479,526,478,527,478,527,479,527,480,527,481,527,482,527,482,526,482,526,482,526,481
1,2,480,9,548,480,548,479,548,478,549,478,550,478,550,478,550,479,551,480,551,481,551,482,552,482,552,482,551,482,550,482,549,482,548,482,548,482,548,481
1,2,479,9,568,479,568,478,568,478,569,478,569,478,569,479,570,479,570,479,570,480,571,480,571,480,571,481,572,481,572,481,571,481,570,481,569,481,568,480
1,2,480,9,629,480,629,479,629,478,630,478,631,478,631,478,631,479,631,480,631,481,632,481,632,481,632,482,632,482,631,482,630,482,629,482,629,482,629,481
1,2,480,9,649,480,649,479,649,478,649,478,649,479,650,479,650,479,650,480,651,480,651,480,651,481,652,481,652,481,652,482,653,482,653,482,652,482,651,482,650,482,649,482,649,482,649,481
1,2,480,9,711,480,711,479,711,478,712,478,713,478,713,478,713,479,714,480,714,481,714,482,715,482,715,482,714,482,713,482,712,482,711,482,711,482,711,481
1,2,480,9,753,480,753,479,753,478,754,478,754,479,754,480,754,481,754,482,754,482,753,482,753,482,753,481
1,2,480,9,802,480,802,479,802,478,803,478,804,478,804,478,804,479,804,480,804,481,805,481,805,481,805,482,805,482,804,482,803,482,802,482,802,482,802,481
1,2,479,9,821,479,821,478,821,478,822,478,822,478,822,479,823,479,823,479,823,480,824,480,824,480,824,481,824,481,823,481,822,481,821,480
1,2,479,9,881,480,881,479,881,479,882,479,882,478,882,478,882,479,882,480,882,481,882,482,882,482,881,482,881,482,881,481
1,2,479,9,934,479,934,478,934,478,935,478,935,478,935,479,935,480,935,481,935,481,934,481,934,481,934,480
1,2,479,9,980,479,980,478,980,477,981,477,981,478,981,479,981,480,981,481,981,481,980,481,980,481,980,480
1,4,489,9,13,489,13,488,13,488,14,488,14,487,14,487,15,487,16,487,17,487,18,487,18,488,18,489,18,490,17,491,16,491,15,491,14,491,13,491,13,491,13,490
1,4,489,9,24,489,24,488,24,487,25,487,25,488,25,489,25,490,25,491,25,491,24,491,24,491,24,490
1,4,488,9,38,488,38,487,37,487,37,487,37,486,36,486,36,486,37,486,38,486,39,486,40,486,41,486,42,486,43,486,43,487,42,488,41,488,40,488,39,488,38,488
1,4,488,9,48,488,48,487,48,486,49,486,50,486,51,486,52,486,53,486,54,486,55,486,56,486,57,486,58,486,58,486,58,487,58,488,58,489,58,490,57,490,56,490,55,490,54,490,53,490,52,490,51,490,50,490,49,490,48,490,47,490,47,490,48,490,48,489
1,4,488,9,95,488,95,487,95,486,96,486,97,486,98,486,99,486,100,486,101,486,102,486,102,487,102,488,103,488,103,488,103,489,104,490,104,490,103,490,102,490,101,490,100,490,99,490,98,490,97,490,96,490,95,490,95,490,95,489
1,4,488,9,114,488,115,487,116,486,117,486,118,486,119,486,120,486,121,486,122,486,122,486,121,487,121,488,121,488,120,488,120,489,120,489,119,489,119,490,119,490,118,490,117,490,116,490,115,490,114,490,113,490,113,490,114,490,114,489
1,4,488,9,176,488,176,487,176,486,177,486,178,486,179,486,180,486,181,486,182,486,182,486,182,487,183,487,183,487,183,488,184,489,184,490,183,490,182,490,181,490,180,490,179,490,178,490,177,490,176,490,176,490,176,489
1,4,488,9,196,488,196,487,196,486,197,486,198,486,199,486,200,486,201,486,202,486,202,486,202,487,202,487,201,487,201,488,201,489,200,490,199,490,198,490,197,490,196,490,195,490,194,490,193,490,193,490,194,490,194,489,194,489,195,489,195,488,195,488
1,4,489,9,259,489,259,488,259,487,260,487,261,487,262,487,263,487,264,487,265,487,266,487,267,488,267,489,267,490,268,491,268,491,267,491,266,491,265,491,264,491,263,491,262,491,261,491,260,491,259,491,259,491,259,490
1,4,489,9,275,489,275,488,275,488,276,488,276,487,276,487,277,487,278,487,279,487,280,487,281,488,281,489,281,490,282,490,283,490,284,490,284,489,284,489,285,489,285,489,285,490,285,491,284,491,283,491,282,491,281,491,280,491,279,491,278,491,277,491,276,491,275,490
1,4,489,9,302,489,302,488,302,487,303,487,303,488,303,489,303,490,303,491,303,491,302,491,302,491,302,490
1,4,489,9,313,489,313,488,313,488,314,488,314,487,314,487,315,487,316,487,317,487,318,487,318,488,318,489,319,490,320,490,321,490,322,490,322,489,322,489,323,489,323,488,323,488,323,489,323,490,323,491,322,491,321,491,320,491,319,491,318,491,317,491,316,491,315,491,314,491,313,490
1,4,489,9,351,489,351,488,351,487,352,487,353,487,354,487,355,487,356,487,357,487,358,487,358,488,358,489,359,489,359,489,359,490,360,491,360,491,359,491,358,491,357,491,356,491,355,491,354,491,353,491,352,491,351,491,351,491,351,490
1,4,489,9,370,489,371,488,371,487,371,487,372,487,373,487,374,487,375,487,376,487,377,487,377,488,376,489,376,490,376,490,375,490,375,491,375,491,374,491,373,491,372,491,371,491,370,491,369,491,368,491,368,491,369,490
1,4,489,9,431,489,431,488,431,487,432,487,432,488,432,489,432,490,432,491,432,491,431,491,431,491,431,490
1,4,489,9,484,489,484,488,484,487,485,487,485,488,485,489,485,490,485,491,485,491,484,491,484,491,484,490
1,4,489,9,526,489,526,488,526,487,527,487,527,488,527,489,527,490,527,491,527,491,526,491,526,491,526,490
1,4,489,9,548,489,548,488,548,487,549,487,550,487,551,487,552,487,553,487,554,487,555,487,556,488,556,489,556,490,557,490,557,490,557,491,557,491,556,491,555,491,554,491,553,491,552,491,551,491,550,491,549,491,548,491,548,491,548,490
1,4,489,9,567,489,568,488,569,487,570,487,571,487,572,487,573,487,574,487,575,487,575,487,575,488,575,488,574,488,574,489,574,489,573,489,573,490,573,491,572,491,571,491,570,491,569,491,568,491,567,491,566,491,566,491,567,491,567,490
1,4,489,9,629,489,629,488,629,487,630,487,631,487,632,487,633,487,634,487,635,487,636,487,637,488,637,489,637,490,637,491,636,491,635,491,634,491,633,491,632,491,631,491,630,491,629,491,629,491,629,490
1,4,489,9,647,489,648,488,649,487,650,487,651,487,652,487,653,487,654,487,655,487,655,487,655,488,655,488,654,488,654,489,654,490,653,491,652,491,651,491,650,491,649,491,648,491,647,491,646,491,646,491,647,491,647,490
1,4,489,9,711,489,711,488,711,487,712,487,713,487,714,487,715,487,716,487,717,487,718,487,719,488,719,489,719,490,720,490,720,490,720,491,720,491,719,491,718,491,717,491,716,491,715,491,714,491,713,491,712,491,711,491,711,491,711,490
1,4,489,9,727,489,727,488,727,487,728,487,729,487,730,487,731,487,731,487,731,488,732,488,732,488,732,489,733,490,734,490,735,489,736,489,737,489,737,488,737,488,737,489,737,490,737,491,736,491,735,491,734,491,733,491,732,491,731,491,730,491,729,491,728,491,727,491,727,491,727,490
1,4,489,9,753,489,753,488,753,487,754,487,754,488,754,489,754,490,754,491,754,491,753,491,753,491,753,490
1,4,489,9,765,489,765,488,765,487,766,487,767,487,768,487,769,487,769,487,769,488,770,488,770,488,770,489,771,490,772,490,773,489,774,488,774,488,774,489,774,490,774,491,774,491,773,491,772,491,771,491,770,491,769,491,768,491,767,491,766,491,765,491,765,491,765,490
1,4,489,9,802,489,802,488,802,487,803,487,804,487,805,487,806,487,807,487,808,487,809,487,810,488,810,489,810,490,811,490,811,490,811,491,811,491,810,491,809,491,808,491,807,491,806,491,805,491,804,491,803,491,802,491,802,491,802,490
1,4,489,9,820,489,821,488,821,487,821,487,822,487,823,487,824,487,825,487,826,487,827,487,828,487,828,487,827,488,827,489,827,489,826,489,826,490,826,490,825,490,825,491,825,491,824,491,823,491,822,491,821,491,820,491,819,491,819,490
1,4,489,9,881,489,881,488,881,487,882,487,882,488,882,489,882,490,882,491,882,491,881,491,881,491,881,490
1,4,488,9,934,488,934,487,934,486,935,486,935,487,935,488,935,489,935,490,935,490,934,490,934,490,934,489
1,4,488,9,980,488,980,487,980,486,981,486,981,487,981,488,981,489,981,490,981,490,980,490,980,490,980,489
1,6,498,9,14,498,14,497,13,496,13,496,14,496,15,496,16,496,16,496,16,497,16,498,16,499,17,500,17,500,16,500,15,500,14,500,14,500,14,499
1,6,498,9,24,498,24,497,24,496,25,496,25,497,25,498,25,499,25,500,25,500,24,500,24,500,24,499
1,6,497,9,43,497,44,496,45,495,46,495,47,495,48,495,49,495,50,495,50,495,49,495,49,496,49,496,48,496,48,497,48,497,47,497,47,498,47,498,46,498,46,499,46,499,45,499,44,499,43,499,42,499,42,499,43,499,43,498
1,6,497,9,95,497,95,496,95,495,96,495,97,495,98,495,99,495,100,495,101,495,102,495,103,495,104,495,104,496,104,497,104,498,104,499,104,499,103,499,102,499,101,499,100,499,99,499,98,499,97,499,96,499,95,499,95,499,95,498
1,6,497,9,117,497,117,496,116,496,116,496,116,495,115,495,115,495,116,495,117,495,118,495,119,496,119,497,119,498,120,499,120,499,119,499,118,499,117,499,116,499,115,499,114,499,113,499,113,499,114,499,115,499,116,499,117,499,117,498
1,6,497,9,176,497,176,496,176,495,177,495,177,495,176,495,176,496,176,497,176,498,176,499,175,499,175,499,176,499,176,498
1,6,497,9,184,497,184,496,184,495,185,495,185,496,185,497,185,498,184,499,183,499,183,499,184,499,184,498
1,6,497,9,197,497,197,496,196,496,196,496,196,495,196,495,197,495,198,495,199,495,199,495,199,496,199,497,199,498,200,498,200,498,200,499,200,499,199,499,198,499,197,499,196,499,195,499,194,499,193,499,193,499,194,499,195,499,196,499,197,499,197,498
1,6,498,9,259,498,259,497,259,496,260,496,261,496,262,496,263,496,264,496,265,496,266,496,267,496,268,496,268,497,268,498,268,499,268,500,268,500,267,500,266,500,265,500,264,500,263,500,262,500,261,500,260,500,259,500,259,500,259,499
1,6,498,9,280,498,280,497,280,497,281,497,281,496,281,496,282,496,282,496,282,497,282,497,281,497,281,498,281,499,281,500,281,500,280,500,279,500,279,499
1,6,498,9,302,498,302,497,302,496,302,496,302,497,302,498,302,499,302,500,302,500,302,499
1,6,498,9,318,498,318,497,318,497,319,497,319,496,319,496,320,496,320,496,320,497,320,497,319,497,319,498,319,499,318,500,317,500,317,499
1,6,498,9,351,498,351,497,351,496,352,496,352,497,352,498,352,498,351,498,351,499,351,500,351,500,351,499
1,6,498,9,359,498,359,497,359,496,360,496,360,497,360,498,360,499,360,500,360,500,359,500,358,500,358,500,359,500,359,499
1,6,498,9,373,498,373,497,372,497,372,497,372,496,372,496,373,496,374,496,375,497,375,498,375,499,376,499,376,499,376,500,377,500,377,500,376,500,375,500,374,500,373,500,372,500,371,500,370,500,369,500,368,500,368,500,369,500,369,499,369,499,370,499,371,499,372,499
1,6,498,9,431,498,431,497,431,496,432,496,432,497,432,498,432,499,432,500,432,500,431,500,431,500,431,499
1,6,498,9,484,498,484,497,484,496,485,496,485,497,485,498,485,499,485,500,485,500,484,500,484,500,484,499
1,6,498,9,526,498,526,497,526,496,527,496,527,497,527,498,527,499,527,500,527,500,526,500,526,500,526,499
1,6,498,9,548,498,548,497,548,496,549,496,549,497,549,498,549,499,549,500,549,500,548,500,548,500,548,499
1,6,498,9,557,498,557,497,557,496,558,496,558,497,558,498,558,498,557,498,557,499,557,500,556,500,556,499
1,6,498,9,570,498,570,497,569,496,569,496,570,496,571,496,572,496,572,496,572,497,573,498,573,499,573,500,574,500,574,500,573,500,572,500,571,500,570,500,569,500,568,500,567,500,566,500,566,500,567,499,568,499,569,499
1,6,498,9,629,498,629,497,629,496,630,496,631,496,632,496,633,496,634,496,635,496,636,496,637,496,638,496,638,497,638,498,638,499,637,500,636,500,635,500,634,500,633,500,632,500,631,500,630,500,629,500,629,500,629,499
1,6,498,9,651,498,651,497,650,497,650,497,650,496,649,496,649,496,650,496,651,496,652,496,653,497,653,498,653,499,654,499,654,499,654,500,655,500,655,500,654,500,653,500,652,500,651,500,650,500,649,500,648,500,647,500,646,500,646,500,647,500,647,499,647,499,648,499,649,499,650,499
1,6,498,9,711,498,711,497,711,496,712,496,713,496,714,496,715,496,716,496,717,496,718,496,719,496,720,496,721,496,721,496,721,497,721,498,720,499,720,500,720,500,719,500,718,500,717,500,716,500,715,500,714,500,713,500,712,500,711,500,711,500,711,499
1,6,498,9,731,498,732,497,732,496,732,496,733,496,734,496,734,496,733,496,733,497,733,498,732,499,732,500,732,500,731,500,730,500,730,500,731,500,731,499
1,6,498,9,753,498,753,497,753,496,754,496,754,497,754,498,754,499,754,500,754,500,753,500,753,500,753,499
1,6,498,9,769,498,769,497,769,497,770,497,770,496,770,496,771,496,771,496,771,497,771,497,770,497,770,498,770,499,769,500,768,500,768,499
1,6,498,9,802,498,802,497,802,496,803,496,804,496,805,496,806,496,807,496,808,496,809,496,810,496,811,496,811,497,811,498,811,499,811,500,811,500,810,500,809,500,808,500,807,500,806,500,805,500,804,500,803,500,802,500,802,500,802,499
1,6,498,9,823,498,823,497,822,496,822,496,823,496,824,496,825,496,825,496,825,497,825,498,825,499,826,499,826,499,826,500,827,500,827,500,826,500,825,500,824,500,823,500,822,500,821,500,820,500,819,500,818,500,818,500,819,500,820,499,821,499,822,499
1,6,498,9,881,498,881,497,881,496,882,496,882,497,882,498,882,499,882,500,882,500,881,500,881,500,881,499
1,6,497,9,934,497,934,496,934,495,935,495,935,496,935,497,935,498,934,499,934,499,934,498
1,6,497,9,980,497,980,496,980,495,981,495,981,496,981,497,981,498,981,499,981,499,980,499,980,499,980,498
1,8,507,9,17,507,17,506,16,505,16,505,17,505,18,505,19,506,19,507,19,508,19,509,18,509,18,508,18,507,17,507
1,8,507,9,24,507,24,506,24,505,25,505,25,506,25,507,25,508,25,509,25,509,24,509,24,509,24,508
1,8,507,9,84,507,84,506,84,506,85,506,85,505,85,505,86,505,87,505,88,505,89,505,90,505,91,505,92,505,93,505,94,505,95,505,96,505,96,505,96,506,96,507,96,508,96,508,95,508,95,509,95,509,94,509,93,509,92,509,91,509,90,509,89,509,88,509,87,509,86,509,85,509,84,509,84,509,84,508
1,8,507,9,114,507,114,506,113,506,113,506,113,505,112,505,112,505,113,505,114,505,115,505,116,505,116,505,116,506,116,507,116,508,116,508,115,508,115,508,115,507,114,507
1,8,506,9,165,506,165,505,165,505,166,505,166,504,166,504,167,504,168,504,169,504,170,504,171,504,172,504,173,504,174,504,175,504,176,504,177,504,177,504,176,505,176,506,176,507,176,508,176,508,175,508,174,508,173,508,172,508,171,508,170,508,169,508,168,508,167,508,166,508,165,508,164,508,164,508,165,508,165,507
1,8,506,9,194,506,194,505,193,505,193,505,193,504,192,504,192,504,193,504,194,504,195,504,196,504,196,504,196,505,196,506,196,507,197,507,197,507,197,508,197,508,196,508,195,508,195,507,195,506,194,506
1,8,507,9,248,507,248,506,248,506,249,506,249,505,249,505,250,505,251,505,252,505,253,505,254,505,255,505,256,505,257,505,258,505,259,505,260,505,260,505,260,506,260,507,260,508,260,508,259,508,259,509,259,509,258,509,257,509,256,509,255,509,254,509,253,509,252,509,251,509,250,509,249,509,248,509,248,509,248,508
1,8,507,9,302,507,302,506,302,505,302,505,302,506,302,507,302,508,302,509,302,509,302,508
1,8,507,9,340,507,340,506,340,506,341,506,341,505,341,505,342,505,343,505,344,505,345,505,346,505,347,505,348,505,349,505,350,505,351,505,352,505,352,505,352,506,352,507,351,508,351,509,351,509,350,509,349,509,348,509,347,509,346,509,345,509,344,509,343,509,342,509,341,509,340,509,339,509,339,508
1,8,507,9,370,507,370,506,369,506,368,506,368,505,369,505,370,505,371,505,372,505,372,505,372,506,372,507,372,508,372,509,371,509,370,508
1,8,507,9,420,507,421,506,422,505,423,505,424,505,425,505,426,505,427,505,428,505,429,505,430,505,431,505,432,505,432,505,432,506,432,507,432,508,432,509,431,509,430,509,429,509,428,509,427,509,426,509,425,509,424,509,423,509,422,509,421,509,420,509,420,509,420,508
1,8,507,9,478,507,479,507,480,507,481,507,482,507,483,507,484,507,484,506,484,505,485,505,485,506,485,507,485,508,485,509,485,509,484,509,483,509,482,509,481,509,480,509,479,509,478,509,477,509,476,509,475,509,475,509,476,509,476,508,476,508,477,508
1,8,507,9,526,507,526,506,526,505,527,505,527,506,527,507,527,508,527,509,527,509,526,509,526,509,526,508
1,8,507,9,538,507,538,506,538,506,539,506,539,505,539,505,540,505,541,505,542,505,543,505,544,505,545,505,546,505,547,505,548,505,549,505,550,505,550,505,550,506,550,507,549,508,549,509,549,509,548,509,547,509,546,509,545,509,544,509,543,509,542,509,541,509,540,509,539,509,538,509,537,509,537,508
1,8,507,9,567,507,567,506,566,506,566,506,566,505,565,505,565,505,566,505,567,505,568,505,569,505,569,505,569,506,570,507,570,508,570,509,570,509,569,509,569,509,569,508,568,508,568,508,568,507,567,507
1,8,507,9,618,507,618,506,618,506,619,506,619,505,619,505,620,505,621,505,622,505,623,505,624,505,625,505,626,505,627,505,628,505,629,505,630,505,630,505,630,506,630,507,629,508,629,509,629,509,628,509,627,509,626,509,625,509,624,509,623,509,622,509,621,509,620,509,619,509,618,509,617,509,617,508
1,8,507,9,647,507,647,506,646,506,646,506,646,505,646,505,647,505,648,505,649,505,650,505,650,506,650,507,650,508,650,509,650,509,649,509,649,509,649,508,648,508,648,508,648,507,647,507
1,8,507,9,700,507,701,506,702,505,703,505,704,505,705,505,706,505,707,505,708,505,709,505,710,505,711,505,712,505,712,505,712,506,712,507,712,508,712,509,711,509,710,509,709,509,708,509,707,509,706,509,705,509,704,509,703,509,702,509,701,509,700,509,700,509,700,508
1,8,507,9,753,507,753,506,753,505,754,505,754,506,754,507,754,508,754,509,754,509,753,509,753,509,753,508
1,8,507,9,791,507,791,506,791,506,792,506,792,505,792,505,793,505,794,505,795,505,796,505,797,505,798,505,799,505,800,505,801,505,802,505,803,505,803,505,803,506,803,507,803,508,803,508,802,508,802,509,802,509,801,509,800,509,799,509,798,509,797,509,796,509,795,509,794,509,793,509,792,509,791,509,791,509,791,508
1,8,507,9,820,507,820,506,819,506,819,506,819,505,818,505,818,505,819,505,820,505,821,505,822,505,822,505,822,506,822,507,822,508,822,509,822,509,822,508,821,508,821,508,821,507,820,507
1,8,507,9,870,507,871,506,871,505,871,505,872,505,873,505,874,505,875,505,876,505,877,505,878,505,879,505,880,505,881,505,882,505,882,505,882,506,882,507,882,508,882,508,881,508,881,509,881,509,880,509,879,509,878,509,877,509,876,509,875,509,874,509,873,509,872,509,871,509,870,509,870,509,870,508
1,8,506,9,933,507,933,506,933,506,934,506,934,505,934,505,935,505,935,505,935,506,935,507,935,508,935,509,934,509,933,509,932,509,931,509,930,509,929,509,928,509,927,509,926,509,925,509,924,509,924,509,925,509,925,508,925,508,926,508,927,507,928,507,929,507,930,507,931,507,932,507
1,8,506,9,980,506,980,505,980,504,981,504,981,505,981,506,981,507,981,508,981,508,980,508,980,508,980,507
