1,1,1111,9,13,1111,13,1110,13,1109,13,1108,13,1108,14,1108,15,1108,16,1108,17,1108,18,1108,18,1108,17,1109,17,1110,17,1111,17,1112,17,1113,16,1114,16,1115,16,1115,15,1115,14,1115,13,1115,12,1115,12,1114,12,1113,12,1113,13,1113,13,1112
1,1,1111,9,21,1111,21,1110,21,1109,21,1108,21,1108,22,1108,22,1108,22,1109,22,1110,22,1111,22,1112,22,1113,22,1114,22,1115,22,1115,21,1115,21,1115,21,1114,21,1113,21,1112
1,1,1112,9,36,1112,36,1111,36,1111,37,1111,38,1111,38,1112,38,1113,38,1114,37,1115,36,1115,35,1115,34,1115,34,1115,35,1115,35,1114,35,1114,36,1114,36,1113
1,1,1112,9,42,1112,42,1111,42,1111,43,1111,44,1111,45,1111,46,1111,46,1112,46,1113,47,1114,47,1115,46,1115,45,1115,44,1115,43,1115,43,1115,43,1114,42,1114,42,1114,42,1113
1,1,1112,9,81,1112,81,1111,81,1111,82,1111,82,1110,82,1110,83,1110,83,1109,83,1109,84,1109,84,1108,84,1108,85,1108,86,1108,87,1108,88,1108,89,1108,90,1108,91,1108,92,1108,93,1108,93,1108,93,1109,93,1110,93,1111,93,1112,93,1113,93,1113,92,1113,92,1114,92,1114,91,1114,90,1115,89,1115,88,1115,87,1115,86,1115,85,1115,84,1115,83,1115,82,1115,81,1115,81,1114,81,1113
1,1,1112,9,162,1112,162,1111,162,1111,163,1111,163,1110,163,1110,164,1110,164,1109,164,1109,165,1109,165,1108,165,1108,166,1108,167,1108,168,1108,169,1108,170,1108,171,1108,172,1108,173,1108,174,1108,174,1108,174,1109,175,1109,175,1109,175,1110,175,1111,175,1112,175,1112,174,1112,174,1113,174,1113,173,1113,173,1114,173,1114,172,1114,172,1115,172,1115,171,1115,170,1115,169,1115,168,1115,167,1115,166,1115,165,1115,164,1115,163,1115,162,1115,162,1114,162,1113
1,1,1112,9,243,1112,243,1111,243,1110,244,1109,245,1108,246,1108,247,1108,248,1108,249,1108,250,1108,251,1108,252,1108,253,1108,254,1108,254,1109,254,1110,255,1110,255,1110,255,1111,255,1112,255,1113,255,1113,254,1113,253,1114,252,1115,251,1115,250,1115,249,1115,248,1115,247,1115,246,1115,245,1115,244,1115,243,1115,243,1114,243,1113
1,1,1112,9,295,1112,295,1111,295,1110,296,1109,296,1108,296,1108,296,1109,296,1110,296,1111,296,1112,296,1113,296,1114,296,1115,296,1115,296,1114,295,1113
1,1,1112,9,333,1112,333,1111,333,1111,334,1111,334,1110,334,1110,335,1110,335,1109,335,1109,336,1109,336,1108,336,1108,337,1108,338,1108,339,1108,340,1108,341,1108,342,1108,343,1108,344,1108,345,1108,345,1108,345,1109,345,1110,345,1111,345,1112,345,1113,345,1113,344,1113,343,1114,342,1115,341,1115,340,1115,339,1115,338,1115,337,1115,336,1115,335,1115,334,1115,333,1115,333,1114,333,1113
1,1,1112,9,417,1112,417,1111,417,1110,418,1109,419,1108,420,1108,421,1108,422,1108,423,1108,424,1108,425,1108,426,1108,427,1108,428,1108,429,1109,429,1110,429,1111,429,1112,428,1113,427,1114,426,1115,425,1115,424,1115,423,1115,422,1115,421,1115,420,1115,419,1115,418,1115,417,1115,417,1114,417,1113
1,1,1112,9,472,1112,472,1111,472,1111,473,1111,474,1111,475,1111,476,1111,477,1111,478,1111,479,1111,480,1111,481,1111,481,1110,481,1109,481,1108,481,1108,482,1108,482,1108,482,1109,482,1110,482,1111,482,1112,482,1113,482,1114,482,1115,482,1115,481,1115,480,1115,479,1115,478,1115,477,1115,476,1115,475,1115,474,1115,473,1115,472,1115,471,1115,471,1115,471,1114,471,1114,472,1114,472,1113
1,1,1112,9,522,1112,522,1111,522,1110,523,1109,523,1108,523,1108,523,1109,523,1110,524,1110,524,1110,524,1111,524,1112,524,1113,524,1113,523,1113,523,1114,523,1115,523,1115,523,1114,522,1113
1,1,1112,9,544,1112,544,1111,544,1110,545,1109,545,1108,545,1108,545,1109,545,1110,546,1110,546,1110,546,1111,546,1112,546,1113,546,1113,545,1113,545,1114,545,1115,544,1115,544,1115,545,1115,545,1114,544,1113
1,1,1112,9,552,1112,552,1111,552,1110,552,1109,551,1109,551,1109,551,1108,551,1108,552,1108,553,1108,554,1109,554,1110,554,1111,554,1112,554,1113,554,1114,554,1115,554,1115,553,1115,553,1115,553,1114,553,1113,553,1112,552,1112
1,1,1112,9,618,1112,618,1111,618,1110,618,1109,618,1108,619,1108,619,1109,619,1110,619,1111,619,1112,619,1113,619,1114,619,1115,618,1115,617,1115,617,1115,618,1114,618,1113
1,1,1111,9,624,1111,624,1110,624,1109,624,1108,624,1108,625,1108,626,1108,627,1109,627,1110,627,1111,627,1112,627,1113,627,1114,627,1115,627,1115,626,1115,626,1115,626,1114,626,1113,626,1112,625,1112,625,1112,625,1111,624,1111
1,1,1111,9,701,1111,701,1110,701,1109,701,1108,701,1107,702,1107,703,1107,704,1107,705,1107,706,1107,707,1108,708,1109,709,1110,710,1110,710,1110,710,1111,710,1112,710,1113,710,1114,709,1114,708,1114,708,1114,708,1113,707,1113,707,1113,707,1112,706,1112,706,1112,706,1111,705,1111,704,1111,703,1111,703,1112,703,1112,702,1112,702,1113,702,1114,701,1114,701,1113,701,1112
1,1,1111,9,744,1111,744,1110,744,1109,744,1108,744,1107,745,1107,745,1108,745,1109,745,1110,745,1111,745,1112,745,1113,745,1114,744,1114,744,1113,744,1112
1,1,1111,9,793,1111,793,1110,793,1109,793,1108,793,1107,794,1107,795,1107,795,1107,795,1108,796,1108,796,1108,796,1109,797,1110,798,1110,799,1110,799,1111,799,1112,800,1113,800,1114,799,1114,798,1114,797,1114,796,1114,795,1114,794,1114,793,1114,793,1113,793,1112
1,1,1111,9,873,1111,873,1110,873,1109,873,1108,873,1107,874,1107,874,1108,874,1109,874,1110,874,1111,874,1112,874,1113,874,1114,873,1114,873,1113,873,1112
1,1,1110,9,931,1110,931,1109,931,1108,931,1107,931,1107,932,1107,932,1107,932,1108,932,1109,932,1110,932,1111,932,1112,932,1113,932,1114,932,1114,931,1114,931,1114,931,1113,931,1112,931,1111
1,1,1110,9,977,1110,977,1109,977,1108,977,1107,977,1107,978,1107,978,1107,978,1108,978,1109,978,1110,978,1111,978,1112,978,1113,978,1114,978,1114,977,1114,977,1114,977,1113,977,1112,977,1111
1,3,1120,9,11,1120,11,1119,11,1119,12,1119,12,1118,12,1117,13,1117,14,1117,15,1117,16,1117,16,1117,15,1118,15,1119,15,1120,15,1121,15,1122,15,1123,15,1124,14,1124,13,1124,12,1124,11,1124,11,1124,11,1123,11,1122,11,1121
1,3,1120,9,21,1120,21,1119,21,1118,21,1117,21,1117,22,1117,22,1117,22,1118,22,1119,22,1120,22,1121,22,1122,22,1123,22,1124,22,1124,21,1124,21,1124,21,1123,21,1122,21,1121
1,3,1121,9,32,1121,32,1120,32,1119,32,1118,32,1118,33,1118,33,1117,33,1117,34,1117,35,1117,36,1117,37,1117,38,1118,39,1118,39,1118,39,1119,40,1119,40,1119,40,1120,40,1121,40,1122,40,1123,40,1124,40,1124,39,1124,38,1124,37,1124,36,1124,35,1124,34,1124,33,1123,32,1122
1,3,1121,9,45,1121,45,1120,45,1119,45,1118,45,1117,46,1117,47,1117,48,1117,49,1117,50,1117,51,1117,52,1117,53,1117,54,1117,55,1117,55,1117,55,1118,55,1118,54,1118,54,1119,55,1120,55,1121,54,1122,54,1123,55,1124,55,1124,54,1124,53,1124,52,1124,51,1124,50,1124,49,1124,48,1124,47,1124,46,1124,45,1124,45,1123,45,1122
1,3,1121,9,81,1121,81,1120,81,1119,81,1118,81,1117,82,1117,82,1118,82,1119,83,1120,84,1120,85,1120,86,1120,87,1120,88,1120,89,1120,90,1120,91,1120,92,1120,93,1120,93,1121,93,1122,93,1123,93,1124,93,1124,92,1124,91,1124,90,1124,89,1124,88,1124,87,1124,86,1124,85,1124,84,1124,83,1124,82,1124,81,1124,81,1123,81,1122
1,3,1121,9,113,1121,113,1120,113,1119,113,1118,112,1117,112,1117,113,1117,114,1117,115,1118,116,1119,117,1120,118,1120,119,1120,119,1121,119,1122,119,1123,119,1124,119,1124,118,1124,117,1124,116,1124,115,1124,114,1124,113,1124,112,1124,112,1124,113,1123,113,1122
1,3,1121,9,162,1121,162,1120,162,1119,162,1118,162,1117,163,1117,163,1118,163,1119,164,1120,165,1120,166,1120,167,1120,168,1120,169,1120,170,1120,171,1120,172,1120,173,1120,174,1120,175,1120,175,1120,175,1121,175,1122,175,1123,175,1124,174,1124,173,1124,172,1124,171,1124,170,1124,169,1124,168,1124,167,1124,166,1124,165,1124,164,1124,163,1124,162,1124,162,1123,162,1122
1,3,1121,9,193,1121,193,1120,192,1120,192,1121
1,3,1121,9,194,1121,194,1120,193,1120,193,1121
1,3,1121,9,195,1121,195,1120,194,1120,194,1121
1,3,1121,9,196,1121,196,1120,195,1120,195,1121
1,3,1121,9,197,1121,197,1120,196,1120,196,1121
1,3,1121,9,198,1121,198,1120,197,1120,197,1121
1,3,1121,9,199,1121,199,1120,198,1120,198,1121
1,3,1121,9,242,1121,242,1120,242,1119,243,1118,243,1117,243,1117,243,1118,243,1119,244,1120,245,1120,245,1120,245,1121,246,1121,247,1121,248,1121,249,1121,250,1121,251,1120,251,1120,251,1121,252,1121,253,1121,254,1121,254,1121,254,1122,254,1123,254,1124,255,1124,255,1124,254,1124,253,1124,252,1124,251,1124,250,1124,249,1124,248,1124,247,1124,246,1124,245,1124,244,1124,243,1124,243,1124,243,1123,242,1123,242,1123,242,1122
1,3,1121,9,270,1121,270,1120,270,1120,271,1120,272,1120,273,1120,273,1120,273,1121,273,1122,273,1123,274,1124,274,1125,273,1125,272,1125,271,1125,270,1125,269,1125,269,1124,270,1123,270,1122
1,3,1121,9,295,1121,295,1120,295,1119,295,1118,295,1118,296,1118,296,1118,296,1119,296,1120,296,1121,296,1122,296,1123,296,1124,296,1125,296,1125,295,1124,295,1123,295,1122
1,3,1121,9,309,1121,309,1120,309,1120,309,1121,309,1122,310,1123,311,1123,311,1123,311,1124,312,1124,312,1124,312,1125,312,1125,311,1125,310,1125,309,1125,308,1125,307,1125,307,1125,307,1124,307,1124,308,1124,308,1123,308,1123,309,1123,309,1122
1,3,1121,9,333,1121,333,1120,333,1119,333,1118,333,1117,334,1117,334,1118,334,1119,335,1120,336,1120,337,1120,338,1120,339,1120,340,1120,341,1120,342,1120,343,1120,344,1120,345,1120,345,1121,345,1122,345,1123,345,1124,345,1124,344,1124,343,1124,342,1124,341,1124,340,1124,339,1124,338,1124,337,1124,336,1124,335,1124,334,1124,333,1124,333,1123,333,1122
1,3,1121,9,364,1121,364,1120,363,1120,363,1121
1,3,1121,9,365,1121,365,1120,364,1120,364,1121
1,3,1121,9,366,1121,366,1120,365,1120,365,1121
1,3,1121,9,367,1121,367,1120,366,1120,366,1121
1,3,1121,9,368,1121,368,1120,367,1120,367,1121
1,3,1121,9,369,1121,369,1120,368,1120,368,1121
1,3,1121,9,370,1121,370,1120,369,1120,369,1121
1,3,1121,9,416,1121,416,1120,416,1119,417,1118,417,1117,417,1117,417,1118,417,1119,418,1120,419,1120,420,1120,421,1120,422,1120,423,1120,424,1120,425,1120,426,1120,427,1120,428,1120,429,1121,429,1122,429,1123,429,1124,428,1124,427,1124,426,1124,425,1124,424,1124,423,1124,422,1124,421,1124,420,1124,419,1124,418,1124,417,1124,417,1124,417,1123,416,1123,416,1123,416,1122
1,3,1121,9,470,1121,470,1120,470,1119,470,1118,470,1117,471,1117,472,1117,473,1117,474,1117,475,1117,476,1117,477,1117,478,1117,479,1117,480,1117,481,1117,482,1117,482,1117,482,1118,482,1119,482,1120,482,1121,482,1122,482,1123,482,1124,482,1124,481,1124,481,1124,481,1123,481,1122,481,1121,480,1121,479,1121,478,1121,477,1121,476,1121,475,1121,474,1121,473,1121,472,1121,471,1121,470,1121
1,3,1121,9,522,1121,522,1120,522,1119,523,1118,523,1117,523,1117,523,1118,523,1119,523,1120,523,1121,523,1122,523,1123,523,1124,523,1124,523,1123,522,1122
1,3,1121,9,534,1121,534,1120,534,1119,535,1118,536,1118,537,1118,537,1117,537,1117,538,1117,539,1117,540,1117,541,1117,542,1117,543,1117,544,1117,545,1117,546,1118,546,1119,546,1120,546,1121,546,1122,546,1122,545,1122,545,1123,545,1124,544,1124,543,1124,542,1124,541,1124,540,1124,539,1124,538,1124,537,1124,536,1124,535,1124,534,1124,534,1123,534,1122
1,3,1121,9,551,1121,551,1120,551,1120,552,1120,552,1119,552,1118,553,1117,554,1117,554,1118,554,1119,554,1120,554,1121,554,1121,553,1121,552,1122,551,1123,551,1123,551,1122
1,3,1121,9,565,1121,565,1120,564,1120,564,1121
1,3,1121,9,566,1121,566,1120,565,1120,565,1121
1,3,1121,9,567,1121,567,1120,566,1120,566,1121
1,3,1121,9,568,1121,568,1120,567,1120,567,1121
1,3,1121,9,569,1121,569,1120,568,1120,568,1121
1,3,1121,9,570,1121,570,1120,569,1120,569,1121
1,3,1121,9,571,1121,571,1120,570,1120,570,1121
1,3,1121,9,607,1121,607,1120,607,1119,608,1118,609,1117,610,1117,611,1117,612,1117,613,1117,614,1117,615,1117,616,1117,617,1117,618,1117,619,1117,619,1117,619,1118,619,1119,619,1120,619,1121,619,1122,619,1123,619,1124,619,1124,618,1124,617,1124,616,1124,615,1124,614,1124,613,1124,612,1124,611,1124,610,1124,609,1124,608,1124,608,1124,608,1123,607,1123,607,1123,607,1122
1,3,1121,9,624,1121,624,1120,624,1120,625,1120,625,1119,625,1118,626,1117,627,1117,627,1118,627,1119,627,1120,627,1121,627,1121,626,1121,625,1122,624,1123,624,1123,624,1122
1,3,1121,9,641,1121,641,1120,641,1119,641,1118,640,1117,640,1117,641,1117,642,1117,643,1117,643,1117,643,1118,644,1118,644,1118,644,1119,645,1119,645,1119,645,1120,646,1120,647,1120,647,1121,647,1122,647,1123,647,1124,647,1124,646,1124,645,1124,644,1124,643,1124,642,1124,641,1124,640,1124,640,1124,641,1123,641,1122
1,3,1120,9,692,1120,693,1120,694,1120,695,1120,696,1120,697,1120,698,1120,699,1120,700,1120,701,1119,701,1118,701,1117,702,1117,702,1118,702,1119,702,1120,702,1121,702,1122,702,1123,702,1124,701,1124,700,1124,699,1124,698,1124,697,1124,696,1124,695,1124,694,1124,693,1124,692,1124,691,1124,691,1123,692,1122,692,1121
1,3,1120,9,709,1120,709,1119,709,1118,709,1117,709,1117,710,1117,710,1117,710,1118,710,1119,710,1120,710,1121,710,1122,710,1123,710,1124,710,1124,709,1124,709,1124,709,1123,709,1122,709,1121
1,3,1120,9,719,1120,720,1120,721,1120,722,1120,722,1121,722,1122,722,1123,722,1124,723,1124,723,1124,722,1124,721,1124,720,1124,719,1124,718,1124,717,1124,717,1124,718,1123,719,1122,719,1121
1,3,1120,9,744,1120,744,1119,744,1118,744,1117,744,1117,745,1117,745,1117,745,1118,745,1119,745,1120,745,1121,745,1122,745,1123,745,1124,745,1124,744,1124,744,1124,744,1123,744,1122,744,1121
1,3,1120,9,756,1120,756,1119,756,1119,757,1119,758,1119,759,1119,759,1119,759,1120,759,1121,759,1122,760,1123,760,1124,759,1124,758,1124,757,1124,756,1124,755,1124,755,1124,756,1124,756,1123,756,1122,756,1121
1,3,1120,9,793,1120,793,1119,793,1118,793,1117,793,1117,794,1117,794,1117,794,1118,794,1119,794,1120,794,1121,794,1122,794,1123,794,1124,794,1124,793,1124,792,1124,791,1124,790,1124,789,1124,788,1124,787,1124,787,1124,788,1124,789,1124,790,1124,791,1124,792,1124,793,1124,793,1123,793,1122,793,1121
1,3,1120,9,799,1120,799,1119,799,1118,799,1117,799,1117,800,1117,801,1117,802,1118,802,1119,802,1120,802,1121,802,1122,802,1123,802,1124,802,1124,801,1124,801,1124,801,1123,801,1122,801,1121,800,1121,799,1121
1,3,1120,9,813,1120,813,1119,813,1118,813,1117,813,1116,814,1116,815,1116,815,1116,815,1117,816,1117,816,1117,816,1118,817,1118,817,1118,817,1119,818,1119,819,1119,819,1120,819,1121,819,1122,819,1123,819,1123,818,1123,817,1123,816,1123,815,1123,814,1123,813,1123,813,1122,813,1121
1,3,1120,9,864,1120,864,1119,864,1119,865,1119,866,1119,867,1119,868,1119,869,1119,870,1119,871,1119,872,1119,873,1119,873,1118,873,1117,873,1116,873,1116,874,1116,874,1116,874,1117,874,1118,874,1119,874,1120,874,1121,874,1122,874,1123,874,1123,873,1123,872,1123,871,1123,870,1123,869,1123,868,1123,867,1123,866,1123,865,1123,864,1123,863,1123,863,1123,863,1122,863,1122,864,1122,864,1121
1,3,1120,9,922,1120,922,1119,922,1119,923,1119,924,1119,925,1119,926,1119,927,1119,928,1119,929,1119,930,1119,931,1119,931,1118,931,1117,931,1116,931,1116,932,1116,932,1116,932,1117,932,1118,932,1119,932,1120,932,1121,932,1122,932,1123,932,1123,931,1123,930,1123,929,1123,928,1123,927,1123,926,1123,925,1123,924,1123,923,1123,922,1123,921,1123,921,1123,921,1122,921,1122,922,1122,922,1121
1,3,1119,9,977,1119,977,1118,977,1117,977,1116,977,1116,978,1116,978,1116,978,1117,978,1118,978,1119,978,1120,978,1121,978,1122,978,1123,978,1123,977,1123,977,1123,977,1122,977,1121,977,1120
1,5,1129,9,11,1129,11,1128,11,1127,11,1126,11,1126,12,1126,13,1126,14,1126,15,1126,15,1127,14,1128,14,1129,14,1130,14,1131,14,1132,13,1133,12,1133,11,1133,11,1133,11,1132,10,1132,10,1132,10,1131,10,1130,10,1129,10,1129
1,5,1129,9,21,1129,21,1128,21,1127,21,1126,21,1126,22,1126,22,1126,22,1127,22,1128,22,1129,22,1130,22,1131,22,1132,22,1133,22,1133,21,1133,21,1133,21,1132,21,1131,21,1130
1,5,1130,9,42,1130,42,1129,42,1129,43,1129,44,1128,45,1127,45,1126,45,1126,46,1126,47,1126,48,1126,49,1126,50,1126,51,1126,52,1126,53,1126,54,1126,55,1126,55,1127,54,1128,54,1129,55,1129,56,1129,56,1130,55,1130,54,1130,53,1130,52,1130,52,1130,52,1129,52,1128,52,1127,51,1126,50,1126,50,1127,50,1127,49,1127,49,1128,49,1129,49,1130,49,1131,48,1131,47,1131,47,1132,47,1133,46,1133,45,1133,44,1133,43,1133,42,1133,41,1133,41,1133,42,1132,42,1131
1,5,1130,9,81,1130,81,1129,81,1128,81,1127,81,1126,82,1126,83,1126,84,1126,85,1126,86,1126,87,1126,88,1126,89,1126,90,1126,91,1126,92,1126,93,1126,93,1126,93,1127,93,1127,92,1127,92,1128,92,1129,92,1130,92,1130,91,1130,90,1130,89,1130,88,1130,87,1130,86,1130,85,1130,84,1130,83,1130,82,1131,82,1132,82,1133,81,1133,81,1132,81,1131
1,5,1130,9,110,1130,110,1129,110,1128,110,1127,110,1127,111,1127,112,1127,113,1127,114,1127,115,1127,116,1127,117,1127,117,1127,116,1128,116,1129,116,1130,116,1131,116,1131,115,1131,115,1132,115,1133,115,1134,116,1134,116,1134,115,1134,114,1134,114,1134,114,1133,113,1133,113,1133,113,1132,112,1131,111,1131,111,1131,111,1130,110,1130
1,5,1130,9,162,1130,162,1129,162,1128,162,1127,162,1126,163,1126,164,1126,165,1126,166,1126,167,1126,168,1126,169,1126,170,1126,171,1126,172,1126,173,1126,174,1126,175,1126,175,1126,174,1126,174,1127,174,1127,173,1127,173,1128,173,1129,173,1130,173,1130,172,1130,171,1130,170,1130,169,1130,168,1130,167,1131,166,1131,165,1130,164,1130,164,1131,164,1131,163,1131,163,1132,163,1133,162,1133,162,1132,162,1131
1,5,1130,9,190,1130,190,1129,190,1128,191,1127,191,1126,191,1126,192,1126,193,1126,194,1126,195,1126,196,1126,197,1126,198,1126,198,1126,197,1127,197,1128,197,1129,197,1130,197,1131,196,1132,196,1133,196,1133,195,1133,194,1133,193,1132,192,1131,191,1131,190,1131
1,5,1130,9,242,1130,242,1129,242,1128,242,1127,242,1127,243,1127,244,1127,245,1127,246,1127,247,1127,248,1127,249,1127,250,1127,251,1127,252,1127,253,1127,254,1127,254,1128,254,1129,254,1130,253,1130,252,1130,251,1131,250,1131,249,1130,248,1130,247,1131,246,1131,245,1131,244,1131,243,1131,243,1132,243,1133,243,1134,243,1134,242,1134,242,1134,242,1133,242,1132,242,1131
1,5,1131,9,270,1131,270,1130,270,1129,270,1128,269,1127,269,1127,270,1127,271,1127,272,1127,273,1127,274,1127,275,1127,276,1127,277,1127,278,1127,279,1127,279,1127,278,1127,278,1128,278,1129,278,1130,278,1131,277,1131,276,1131,276,1132,276,1133,275,1134,274,1134,274,1133,275,1132,275,1131,274,1131,273,1131,272,1131,271,1131,270,1131
1,5,1131,9,295,1131,295,1130,295,1129,295,1128,295,1127,296,1127,296,1128,296,1129,296,1130,296,1131,296,1132,296,1133,296,1134,295,1134,295,1133,295,1132
1,5,1131,9,308,1131,308,1130,308,1129,308,1128,307,1127,307,1127,308,1127,309,1127,310,1127,311,1127,312,1127,313,1127,314,1127,315,1127,316,1127,317,1127,317,1127,316,1127,316,1128,316,1129,316,1130,316,1130,315,1130,315,1131,315,1131,314,1131,314,1132,314,1132,313,1132,313,1133,313,1134,312,1134,311,1134,311,1134,312,1133,313,1132,313,1131,312,1131,311,1131,310,1130,309,1130,308,1131
1,5,1130,9,333,1130,333,1129,333,1128,333,1127,333,1126,334,1126,335,1126,336,1126,337,1126,338,1126,339,1126,340,1126,341,1126,342,1126,343,1126,344,1126,345,1126,345,1126,345,1127,345,1127,344,1127,344,1128,344,1129,344,1130,344,1130,343,1130,342,1130,341,1130,340,1130,339,1130,338,1130,337,1130,336,1130,335,1130,334,1131,334,1132,334,1133,333,1133,333,1132,333,1131
1,5,1130,9,361,1130,361,1129,361,1128,361,1127,361,1127,362,1127,362,1126,362,1126,363,1126,364,1126,365,1126,366,1126,367,1126,368,1126,369,1126,369,1126,368,1127,368,1128,368,1129,368,1130,368,1131,367,1132,367,1133,367,1133,366,1133,365,1133,364,1133,364,1133,364,1132,363,1131,362,1130,361,1130
1,5,1130,9,416,1130,416,1129,416,1128,416,1127,416,1127,417,1127,418,1127,419,1127,420,1127,421,1127,422,1127,423,1127,424,1127,425,1127,426,1127,427,1127,428,1127,428,1127,427,1127,427,1128,427,1129,427,1130,427,1130,426,1130,425,1130,424,1130,423,1130,422,1130,421,1130,420,1130,419,1131,418,1131,417,1131,417,1132,417,1133,417,1134,417,1134,416,1134,416,1134,416,1133,416,1132,416,1131
1,5,1131,9,470,1131,470,1130,470,1129,471,1128,471,1127,471,1127,472,1127,473,1127,474,1127,475,1127,476,1127,477,1127,478,1127,479,1127,480,1127,481,1127,482,1127,482,1127,482,1128,482,1129,482,1130,482,1131,482,1132,482,1133,482,1134,482,1134,481,1134,481,1134,481,1133,480,1133,479,1133,478,1133,477,1134,476,1134,475,1134,474,1134,473,1134,472,1134,471,1133,470,1132
1,5,1130,9,522,1130,522,1129,522,1128,523,1127,523,1126,523,1126,523,1127,523,1128,523,1129,523,1130,523,1131,523,1132,523,1133,523,1133,523,1132,522,1132,522,1132,522,1131
1,5,1130,9,544,1130,544,1129,544,1128,544,1127,544,1126,545,1126,545,1127,545,1128,545,1129,545,1130,545,1131,545,1132,545,1133,544,1133,544,1132,544,1131
1,5,1130,9,562,1130,562,1129,562,1128,562,1127,562,1127,563,1127,563,1126,563,1126,564,1126,565,1126,566,1126,567,1126,568,1126,569,1126,570,1126,570,1126,569,1127,569,1128,569,1129,569,1130,569,1131,568,1132,568,1133,568,1133,567,1133,566,1133,565,1133,565,1133,565,1132,564,1131,563,1130,562,1130
1,5,1130,9,618,1130,618,1129,618,1128,618,1127,618,1126,619,1126,619,1127,619,1128,619,1129,619,1130,619,1131,619,1132,619,1133,618,1133,618,1132,618,1131
1,5,1130,9,638,1130,638,1129,638,1128,638,1127,638,1126,639,1126,640,1126,641,1126,642,1126,643,1126,644,1126,645,1126,645,1127,645,1128,645,1129,645,1130,645,1130,644,1130,644,1131,644,1132,644,1133,644,1133,643,1133,642,1133,641,1132,640,1131,639,1130,638,1130
1,5,1130,9,690,1130,690,1129,690,1128,690,1127,690,1126,691,1126,692,1126,693,1126,694,1126,695,1126,696,1126,697,1126,698,1126,699,1126,700,1126,701,1126,702,1126,702,1126,702,1127,702,1128,702,1129,702,1130,702,1131,702,1132,702,1133,702,1133,701,1133,701,1133,701,1132,701,1131,701,1130,700,1130,699,1130,698,1130,697,1130,696,1130,695,1130,694,1130,693,1130,692,1130,691,1130,690,1130
1,5,1130,9,707,1130,707,1129,707,1128,707,1127,707,1127,708,1127,708,1126,708,1126,709,1126,709,1126,708,1127,708,1128,708,1129,708,1130,708,1130,707,1130
1,5,1130,9,719,1130,719,1129,719,1128,719,1127,718,1127,718,1127,718,1126,718,1126,719,1126,720,1126,721,1126,722,1126,723,1126,724,1126,725,1126,726,1126,727,1126,727,1126,727,1127,727,1128,727,1129,728,1129,728,1129,728,1130,728,1130,727,1130,726,1130,725,1130,725,1131,725,1131,724,1131,724,1132,724,1133,723,1133,723,1132,723,1131,722,1130,721,1130,720,1130,719,1130
1,5,1130,9,744,1130,744,1129,744,1128,744,1127,744,1126,745,1126,745,1127,745,1128,745,1129,745,1130,745,1131,745,1132,745,1133,744,1133,744,1132,744,1131
1,5,1130,9,756,1130,756,1129,756,1128,756,1127,755,1126,755,1126,756,1126,757,1126,758,1126,759,1126,760,1126,761,1126,762,1126,763,1126,764,1126,765,1126,765,1127,765,1128,765,1129,765,1130,765,1130,764,1130,763,1131,762,1132,762,1133,762,1133,761,1133,760,1133,760,1133,761,1133,761,1132,761,1131,761,1130,760,1130,759,1130,758,1130,757,1130,756,1130
1,5,1130,9,781,1130,781,1129,781,1128,782,1128,783,1128,783,1127,783,1126,784,1126,785,1126,786,1126,787,1126,788,1126,789,1126,790,1126,791,1126,792,1126,793,1126,794,1126,794,1127,794,1128,794,1129,794,1130,794,1131,794,1132,794,1133,793,1133,792,1132,791,1132,790,1133,789,1133,788,1133,787,1133,786,1133,785,1133,784,1133,783,1133,782,1132,781,1131
1,5,1130,9,798,1130,798,1129,798,1128,799,1128,800,1128,800,1127,800,1127,801,1127,801,1126,801,1126,802,1126,802,1126,802,1127,802,1128,802,1129,802,1130,801,1130,800,1130,800,1131,800,1131,799,1131,799,1132,799,1132,798,1131
1,5,1129,9,810,1129,810,1128,810,1127,811,1126,812,1126,813,1126,814,1126,815,1126,816,1126,817,1126,817,1126,817,1127,817,1128,817,1129,817,1130,816,1131,816,1132,817,1133,817,1133,816,1133,815,1133,814,1133,814,1133,814,1132,813,1132,813,1132,813,1131,812,1130,811,1130,810,1130
1,5,1129,9,862,1129,862,1128,862,1127,862,1126,862,1126,863,1126,864,1126,865,1126,866,1126,867,1126,868,1126,869,1126,870,1126,871,1126,872,1126,873,1126,874,1126,874,1127,874,1128,874,1129,874,1130,874,1131,874,1132,874,1133,873,1133,873,1132,873,1131,873,1130,873,1129,872,1129,871,1129,870,1129,869,1129,868,1129,867,1129,866,1129,865,1129,864,1129,863,1129,862,1129
1,5,1129,9,920,1129,920,1128,920,1127,920,1126,920,1125,921,1125,922,1125,923,1125,924,1125,925,1125,926,1125,927,1125,928,1125,929,1125,930,1125,931,1125,932,1125,932,1125,932,1126,932,1127,932,1128,932,1129,932,1130,932,1131,932,1132,932,1132,931,1132,931,1132,931,1131,931,1130,931,1129,930,1129,929,1129,928,1129,927,1129,926,1129,925,1129,924,1129,923,1129,922,1129,921,1129,920,1129
1,5,1129,9,977,1129,977,1128,977,1127,977,1126,977,1125,978,1125,978,1126,978,1127,978,1128,978,1129,978,1130,978,1131,978,1132,977,1132,977,1131,977,1130
1,7,1139,9,12,1139,12,1138,11,1137,11,1136,12,1136,13,1136,13,1136,13,1137,14,1137,14,1137,14,1138,14,1139,14,1140,15,1141,15,1142,15,1143,16,1143,16,1143,15,1143,14,1143,13,1143,13,1142,13,1141,12,1140
1,7,1139,9,21,1139,21,1138,21,1137,21,1136,21,1136,22,1136,22,1136,22,1137,22,1138,22,1139,22,1140,22,1141,22,1142,22,1143,22,1143,21,1143,21,1143,21,1142,21,1141,21,1140
1,7,1139,9,34,1139,34,1138,34,1138,35,1138,36,1138,37,1138,38,1137,39,1136,40,1136,41,1136,42,1136,43,1136,44,1136,44,1136,43,1136,43,1137,43,1138,43,1139,43,1139,42,1139,41,1139,40,1139,40,1140,40,1140,39,1140,38,1141,37,1141,36,1141,36,1142,36,1142,35,1142,34,1142,34,1141,34,1140
1,7,1140,9,81,1140,81,1139,81,1138,81,1137,81,1136,82,1136,82,1137,82,1138,83,1138,83,1138,83,1139,84,1139,85,1139,86,1139,87,1139,88,1139,89,1139,90,1139,91,1139,92,1139,93,1139,93,1140,93,1141,93,1142,93,1143,93,1143,92,1143,91,1143,90,1143,89,1143,88,1143,87,1143,86,1143,85,1143,84,1143,83,1143,82,1143,81,1143,81,1142,81,1141
1,7,1140,9,109,1140,109,1139,109,1138,109,1137,109,1137,110,1137,110,1136,110,1136,111,1136,112,1136,113,1136,114,1136,115,1136,116,1136,117,1136,117,1136,117,1137,118,1137,118,1137,118,1138,118,1139,118,1140,118,1140,117,1140,116,1140,115,1140,114,1140,113,1140,113,1141,113,1142,113,1143,113,1143,112,1143,111,1143,110,1143,110,1143,110,1142,109,1142,109,1142,109,1141
1,7,1140,9,162,1140,162,1139,162,1138,162,1137,162,1136,163,1136,163,1137,163,1138,164,1138,164,1138,164,1139,165,1139,166,1139,167,1139,168,1139,169,1139,170,1139,171,1139,172,1139,173,1139,174,1139,174,1140,174,1141,174,1142,174,1143,174,1143,173,1143,172,1143,171,1143,170,1143,169,1143,168,1143,167,1143,166,1143,165,1143,164,1143,163,1143,162,1143,162,1142,162,1141
1,7,1140,9,189,1140,189,1139,189,1138,189,1137,189,1137,190,1137,190,1136,190,1136,191,1136,192,1136,193,1136,194,1136,195,1136,196,1136,197,1136,198,1136,198,1137,198,1138,198,1139,198,1140,198,1140,197,1140,196,1140,195,1140,194,1141,193,1142,193,1143,193,1143,192,1143,191,1143,190,1143,190,1143,190,1142,189,1142,189,1142,189,1141
1,7,1140,9,242,1140,242,1139,242,1138,242,1137,242,1136,243,1136,243,1137,243,1138,244,1138,244,1138,244,1139,245,1139,246,1139,247,1139,248,1139,249,1139,250,1139,251,1139,252,1139,253,1139,254,1139,254,1140,254,1141,254,1142,254,1143,254,1143,253,1143,252,1143,251,1143,250,1143,249,1143,248,1143,247,1143,246,1143,245,1143,244,1143,243,1143,242,1143,242,1142,242,1141
1,7,1140,9,272,1140,272,1139,272,1138,272,1137,272,1137,273,1137,273,1136,273,1136,274,1136,274,1136,274,1137,274,1138,274,1139,274,1140,273,1140,272,1140
1,7,1140,9,295,1140,295,1139,295,1138,295,1137,295,1136,296,1136,296,1137,296,1138,296,1139,296,1140,296,1141,296,1142,296,1143,295,1143,295,1142,295,1141
1,7,1140,9,310,1140,310,1139,310,1138,310,1137,310,1136,311,1136,312,1136,312,1136,311,1137,311,1138,311,1139,311,1140,311,1140,310,1140
1,7,1139,9,333,1139,333,1138,333,1137,333,1136,333,1136,334,1136,334,1136,334,1137,335,1138,336,1138,337,1138,338,1138,339,1138,340,1138,341,1138,342,1138,343,1138,344,1138,345,1138,345,1139,345,1140,345,1141,345,1142,345,1143,344,1143,343,1143,342,1143,341,1143,340,1143,339,1143,338,1143,337,1143,336,1143,335,1143,334,1143,333,1143,333,1143,333,1142,333,1141,333,1140
1,7,1139,9,360,1139,360,1138,360,1137,361,1137,362,1137,362,1136,362,1136,363,1136,364,1136,365,1136,366,1136,367,1136,368,1136,368,1137,368,1138,368,1139,368,1140,368,1140,367,1140,366,1140,365,1140,364,1141,364,1142,364,1143,363,1143,362,1143,361,1143,360,1142,360,1141,360,1140
1,7,1140,9,416,1140,416,1139,416,1138,416,1137,416,1136,417,1136,417,1137,417,1138,418,1138,419,1138,420,1138,421,1138,422,1139,423,1139,423,1138,423,1138,424,1138,424,1138,424,1139,425,1139,426,1139,427,1139,428,1138,428,1138,428,1139,428,1140,428,1141,429,1142,429,1143,428,1143,427,1143,426,1143,425,1143,424,1143,423,1143,422,1143,421,1143,420,1143,419,1143,418,1143,417,1143,416,1143,416,1142,416,1141
1,7,1140,9,481,1140,481,1139,481,1138,481,1137,481,1136,482,1136,482,1137,482,1138,482,1139,482,1140,482,1141,481,1142,481,1143,481,1143,480,1143,479,1143,478,1143,477,1143,476,1143,476,1143,477,1143,478,1143,479,1143,480,1143,481,1142,481,1141
1,7,1139,9,522,1139,522,1138,522,1137,522,1136,522,1135,523,1135,523,1136,523,1137,523,1138,523,1139,523,1140,523,1141,523,1142,522,1142,522,1141,522,1140
1,7,1139,9,536,1139,536,1138,536,1138,537,1138,538,1138,539,1139,540,1139,540,1138,540,1138,541,1139,542,1139,543,1138,544,1137,544,1136,544,1135,545,1135,545,1136,545,1137,545,1138,545,1139,545,1140,545,1141,546,1142,546,1142,545,1142,544,1142,543,1142,542,1142,541,1142,540,1142,539,1142,538,1142,537,1142,536,1142,535,1142,535,1142,535,1141,535,1141,536,1141,536,1140
1,7,1139,9,561,1139,561,1138,561,1137,562,1136,563,1136,564,1136,565,1136,566,1136,566,1135,566,1135,567,1135,568,1135,569,1135,569,1135,569,1136,570,1136,570,1136,570,1137,570,1138,570,1139,570,1139,569,1139,568,1139,567,1139,566,1140,565,1141,565,1142,565,1142,564,1142,563,1142,562,1142,562,1142,562,1141,561,1141,561,1141,561,1140
1,7,1139,9,609,1139,609,1138,609,1138,610,1138,611,1138,612,1138,613,1138,614,1138,615,1138,616,1138,617,1138,618,1138,618,1137,618,1136,618,1135,618,1135,619,1135,619,1135,619,1136,619,1137,619,1138,619,1139,619,1140,619,1141,619,1142,619,1142,618,1142,617,1142,616,1142,615,1142,614,1142,613,1142,612,1142,611,1142,610,1142,609,1142,608,1142,608,1142,608,1141,608,1141,609,1141,609,1140
1,7,1139,9,637,1139,637,1138,637,1137,638,1136,639,1135,640,1135,641,1135,642,1135,643,1135,644,1135,645,1135,645,1135,645,1136,646,1136,646,1136,646,1137,646,1138,646,1139,646,1139,645,1139,644,1139,643,1139,642,1139,641,1139,641,1140,641,1141,641,1142,641,1142,640,1142,639,1142,638,1142,638,1142,638,1141,637,1141,637,1141,637,1140
1,7,1139,9,692,1139,692,1138,692,1138,693,1138,694,1138,695,1138,696,1138,697,1138,698,1138,699,1138,700,1138,701,1138,701,1137,701,1136,701,1135,701,1135,702,1135,702,1135,702,1136,702,1137,702,1138,702,1139,702,1140,702,1141,702,1142,702,1142,701,1142,700,1142,699,1142,698,1142,697,1142,696,1142,695,1142,694,1142,693,1142,692,1142,691,1142,691,1142,692,1141,692,1140
1,7,1139,9,721,1139,721,1138,721,1137,721,1136,721,1136,722,1136,722,1135,722,1135,723,1135,723,1135,722,1136,722,1137,722,1138,722,1139,722,1139,721,1139
1,7,1139,9,744,1139,744,1138,744,1137,744,1136,744,1135,745,1135,745,1136,745,1137,745,1138,745,1139,745,1140,745,1141,745,1142,744,1142,744,1141,744,1140
1,7,1139,9,759,1139,759,1138,759,1137,759,1136,759,1135,760,1135,761,1135,761,1135,760,1136,760,1137,760,1138,760,1139,760,1139,759,1139
1,7,1139,9,783,1139,783,1138,783,1138,784,1138,785,1138,786,1138,787,1138,788,1138,789,1138,790,1138,791,1138,792,1138,792,1137,792,1137,793,1137,793,1136,793,1135,794,1135,794,1136,794,1137,794,1138,794,1139,794,1140,794,1141,794,1142,793,1142,792,1142,791,1142,790,1142,789,1142,788,1142,787,1142,786,1142,785,1142,784,1142,783,1142,782,1142,782,1142,783,1141,783,1140
1,7,1139,9,809,1139,809,1138,809,1137,810,1136,811,1135,812,1135,813,1135,814,1135,815,1135,816,1135,817,1135,818,1135,819,1136,819,1137,819,1138,819,1139,818,1139,817,1139,816,1139,815,1139,814,1140,813,1141,813,1142,814,1142,814,1142,813,1142,812,1142,811,1142,810,1142,810,1142,810,1141,809,1141,809,1141,809,1140
1,7,1139,9,864,1139,864,1138,864,1138,865,1138,866,1138,867,1138,868,1138,869,1138,870,1138,871,1138,872,1138,873,1138,873,1137,873,1136,873,1135,873,1135,874,1135,874,1135,874,1136,874,1137,874,1138,874,1139,874,1140,874,1141,874,1142,874,1142,873,1142,872,1142,871,1142,870,1142,869,1142,868,1142,867,1142,866,1142,865,1142,864,1142,863,1142,862,1142,862,1142,863,1142,863,1141,863,1141,864,1141,864,1140
1,7,1138,9,922,1138,922,1137,922,1137,923,1137,924,1137,925,1137,926,1137,927,1137,928,1137,929,1137,930,1137,931,1137,931,1136,931,1135,931,1134,931,1134,932,1134,932,1134,932,1135,932,1136,932,1137,932,1138,932,1139,932,1140,932,1141,932,1141,931,1141,930,1141,929,1141,928,1141,927,1141,926,1141,925,1141,924,1141,923,1141,922,1141,921,1141,921,1141,922,1140,922,1139
1,7,1138,9,977,1138,977,1137,977,1136,977,1135,977,1134,978,1134,978,1135,978,1136,978,1137,978,1138,978,1139,978,1140,978,1141,977,1141,977,1140,977,1139
1,9,1148,9,17,1148,17,1147,16,1147,16,1147,16,1146,15,1146,15,1146,15,1145,15,1145,16,1145,17,1145,17,1146,17,1147,17,1148
1,9,1148,9,21,1148,21,1147,21,1146,21,1145,21,1145,22,1145,22,1145,22,1146,22,1147,22,1148,22,1149,22,1149,22,1148,21,1148
1,9,1149,9,81,1149,81,1148,81,1147,81,1146,81,1145,82,1145,83,1145,84,1145,85,1145,86,1145,87,1145,88,1145,89,1145,90,1145,91,1145,92,1145,93,1145,93,1145,92,1146,92,1147,92,1148,92,1149,92,1149,91,1149,90,1150,90,1151,90,1152,89,1152,89,1151,89,1150,88,1149,87,1149,86,1149,85,1149,84,1149,83,1149,82,1150,82,1151,82,1152,81,1152,81,1151,81,1150
1,9,1148,9,162,1148,162,1147,162,1146,162,1145,162,1145,163,1145,164,1145,165,1145,166,1145,167,1145,168,1145,169,1145,170,1145,171,1145,172,1145,173,1145,174,1145,174,1146,173,1147,173,1148,173,1148,172,1148,172,1149,172,1150,172,1151,172,1152,171,1152,171,1151,171,1150,170,1150,170,1150,170,1149,169,1148,168,1148,167,1148,166,1148,165,1148,164,1148,164,1149,164,1149,163,1149,163,1150,163,1151,163,1152,163,1152,162,1152,162,1152,162,1151,162,1150,162,1149
1,9,1149,9,242,1149,242,1148,242,1147,242,1146,242,1145,243,1145,244,1145,245,1145,246,1145,247,1145,248,1145,249,1145,250,1145,251,1145,252,1145,253,1145,254,1145,254,1145,254,1146,254,1146,253,1146,253,1147,253,1148,253,1149,253,1149,252,1149,251,1150,251,1151,251,1152,250,1152,250,1151,250,1150,249,1149,248,1149,247,1149,246,1149,245,1149,244,1149,243,1150,243,1151,243,1152,242,1152,242,1151,242,1150
1,9,1149,9,295,1149,295,1148,295,1147,295,1146,295,1145,296,1145,296,1146,296,1147,296,1148,296,1149,296,1149,295,1149
1,9,1149,9,333,1149,333,1148,333,1147,333,1146,333,1145,334,1145,335,1145,336,1145,337,1145,338,1145,339,1145,340,1145,341,1145,342,1145,343,1145,344,1145,345,1145,345,1145,344,1146,344,1147,344,1148,344,1149,344,1149,343,1149,342,1150,342,1151,342,1152,341,1152,341,1151,341,1150,340,1149,339,1149,338,1149,337,1149,336,1149,335,1149,334,1150,334,1151,334,1152,333,1152,333,1151,333,1150
1,9,1148,9,364,1148,364,1147,364,1146,364,1145,363,1145,363,1145,364,1145,365,1145,365,1145,365,1146,365,1147,365,1148,365,1149,365,1149,365,1148,364,1148
1,9,1149,9,416,1149,416,1148,416,1147,416,1146,416,1145,417,1145,418,1145,419,1145,420,1145,421,1145,422,1145,423,1145,424,1145,425,1145,426,1145,427,1145,428,1145,428,1145,428,1146,428,1147,428,1148,428,1149,427,1149,426,1149,425,1149,424,1149,423,1149,422,1149,421,1149,420,1149,419,1149,418,1149,417,1150,417,1151,417,1152,416,1152,416,1151,416,1150
1,9,1149,9,470,1149,470,1148,470,1147,471,1146,472,1145,473,1145,474,1145,475,1145,476,1145,477,1145,478,1145,479,1145,480,1145,481,1145,482,1145,482,1145,482,1146,482,1147,482,1148,482,1149,481,1150,480,1151,479,1152,478,1152,477,1152,476,1152,475,1152,474,1152,473,1152,472,1152,471,1152,471,1152,471,1151,470,1151,470,1151,470,1150
1,9,1149,9,522,1149,522,1148,522,1147,522,1146,522,1145,523,1145,523,1146,523,1147,523,1148,523,1149,523,1149,522,1149
1,9,1149,9,533,1149,533,1148,533,1147,533,1146,533,1145,534,1145,535,1145,536,1145,537,1145,538,1145,539,1145,540,1145,541,1145,542,1145,543,1145,544,1145,545,1145,545,1145,545,1146,546,1147,546,1148,546,1149,546,1149,545,1149,545,1150,545,1151,545,1152,545,1152,544,1152,543,1152,542,1152,541,1152,540,1152,539,1152,538,1152,537,1152,536,1152,535,1152,534,1152,534,1152,535,1151,536,1150,536,1149,535,1149,534,1149,533,1149
1,9,1148,9,566,1148,566,1147,566,1146,566,1145,565,1145,564,1145,564,1145,565,1145,566,1145,566,1146,566,1147,566,1148
1,9,1148,9,606,1148,606,1147,606,1146,606,1145,606,1145,607,1145,607,1144,607,1144,608,1144,609,1144,610,1144,611,1144,612,1144,613,1144,614,1144,615,1144,616,1144,617,1144,618,1144,619,1144,619,1145,619,1146,619,1147,619,1148,619,1149,619,1150,619,1151,618,1151,617,1151,616,1151,615,1151,614,1151,613,1151,612,1151,611,1151,610,1151,609,1151,608,1151,608,1150,609,1149,609,1148,608,1148,607,1148,606,1148
1,9,1148,9,690,1148,690,1147,690,1146,690,1145,690,1144,691,1144,692,1144,693,1144,694,1144,695,1144,696,1144,697,1144,698,1144,699,1144,700,1144,701,1144,702,1144,702,1144,702,1145,702,1146,702,1147,702,1148,702,1149,702,1150,702,1151,702,1151,701,1151,701,1151,701,1150,701,1149,701,1148,700,1148,699,1148,698,1148,697,1148,696,1148,695,1148,694,1148,693,1148,692,1148,691,1148,690,1148
1,9,1148,9,744,1148,744,1147,744,1146,744,1145,744,1144,745,1144,745,1145,745,1146,745,1147,745,1148,745,1148,744,1148
1,9,1148,9,781,1148,781,1147,781,1146,781,1145,781,1145,782,1145,782,1144,782,1144,783,1144,784,1144,785,1144,786,1144,787,1144,788,1144,789,1144,790,1144,791,1144,792,1144,793,1144,794,1144,794,1145,794,1146,794,1147,794,1148,794,1149,793,1150,793,1151,793,1151,793,1150,793,1149,792,1149,792,1149,792,1148,791,1148,790,1148,789,1148,788,1148,787,1148,786,1148,785,1148,784,1148,783,1148,782,1148,781,1148
1,9,1148,9,814,1148,814,1147,814,1146,814,1145,813,1145,813,1145,813,1144,812,1144,812,1144,813,1144,814,1144,815,1144,815,1145,815,1146,815,1147,815,1148,815,1148,814,1148
1,9,1148,9,862,1148,862,1147,862,1146,862,1145,862,1144,863,1144,864,1144,865,1144,866,1144,867,1144,868,1144,869,1144,870,1144,871,1144,872,1144,873,1144,874,1144,874,1144,874,1145,874,1146,874,1147,874,1148,873,1149,873,1150,874,1151,874,1151,873,1151,873,1151,873,1150,873,1149,873,1148,872,1148,871,1148,870,1148,869,1148,868,1148,867,1148,866,1148,865,1148,864,1148,863,1148,862,1148
1,9,1147,9,920,1147,920,1146,920,1145,920,1144,920,1143,921,1143,922,1143,923,1143,924,1143,925,1143,926,1143,927,1143,928,1143,929,1143,930,1143,931,1143,932,1143,932,1143,932,1144,932,1145,932,1146,932,1147,932,1148,932,1149,932,1150,932,1150,931,1150,931,1150,931,1149,931,1148,931,1147,930,1147,929,1147,928,1147,927,1147,926,1147,925,1147,924,1147,923,1147,922,1147,921,1147,920,1147
1,9,1147,9,977,1147,977,1146,977,1145,977,1144,977,1143,978,1143,978,1144,978,1145,978,1146,977,1147
1,2,1116,9,12,1116,12,1115,12,1114,13,1114,14,1114,15,1114,16,1114,16,1114,16,1115,16,1116,16,1117,16,1117,15,1117,15,1118,15,1118,14,1118,13,1118,12,1118,12,1118,12,1117
1,2,1116,9,21,1116,21,1115,21,1114,22,1114,22,1115,22,1116,22,1117,22,1118,22,1118,21,1118,21,1118,21,1117
1,2,1116,9,34,1116,34,1115,34,1115,35,1115,35,1114,35,1114,36,1114,37,1114,38,1114,38,1114,37,1115,36,1116,36,1117,37,1117,37,1117,37,1118,38,1118,39,1118,39,1118,38,1118,37,1118,36,1118,35,1118,34,1118,33,1118,32,1118,32,1118,33,1117
1,2,1116,9,44,1116,44,1115,43,1115,43,1115,43,1114,42,1114,42,1114,43,1114,44,1114,45,1114,46,1114,47,1114,47,1115,47,1116,48,1116,48,1116,48,1117,49,1117,50,1117,51,1117,51,1116,51,1115,52,1114,53,1114,54,1114,54,1114,54,1115,55,1115,55,1115,55,1116,55,1117,55,1118,55,1118,54,1118,53,1118,52,1118,51,1118,50,1118,49,1118,48,1118,47,1118,46,1118,45,1118,45,1117,45,1116,44,1116
1,2,1116,9,81,1116,81,1115,81,1114,82,1114,83,1114,84,1114,85,1114,86,1114,87,1114,88,1114,89,1114,90,1114,91,1114,92,1114,92,1114,91,1114,90,1115,89,1116,88,1116,87,1116,86,1116,85,1116,84,1116,83,1116,82,1117,82,1118,82,1118,81,1118,81,1118,81,1117
1,2,1116,9,112,1116,112,1115,112,1115,113,1116,114,1116,114,1116,114,1117,115,1118,115,1118,114,1118,113,1118,112,1117
1,2,1116,9,162,1116,162,1115,162,1114,163,1114,164,1114,165,1114,166,1114,167,1114,168,1114,169,1114,170,1114,171,1114,172,1114,173,1114,173,1114,172,1114,172,1115,172,1115,171,1115,170,1116,169,1116,168,1116,167,1116,166,1116,165,1116,164,1116,163,1117,163,1118,163,1118,162,1118,162,1118,162,1117
1,2,1116,9,193,1116,193,1115,193,1115,194,1116,195,1117,196,1118,196,1118,195,1118,194,1118,193,1118,193,1118,193,1117
1,2,1116,9,243,1116,243,1115,243,1114,244,1114,245,1114,246,1114,247,1114,248,1114,249,1114,250,1114,251,1114,252,1114,253,1114,253,1114,252,1115,251,1116,250,1116,249,1116,248,1116,247,1116,246,1116,245,1116,244,1116,243,1116,243,1117,243,1118,243,1118,243,1117
1,2,1116,9,296,1116,296,1115,296,1114,296,1114,296,1115,296,1116,296,1117,296,1118,295,1118,295,1118,296,1118,296,1117
1,2,1116,9,333,1116,333,1115,333,1114,334,1114,335,1114,336,1114,337,1114,338,1114,339,1114,340,1114,341,1114,342,1114,343,1114,343,1114,342,1115,341,1116,340,1116,339,1116,338,1116,337,1116,336,1116,335,1116,334,1117,334,1118,334,1118,333,1118,333,1118,333,1117
1,2,1116,9,364,1116,364,1115,364,1115,365,1116,366,1117,367,1118,367,1118,366,1118,365,1118,364,1118,364,1118,364,1117
1,2,1116,9,417,1116,417,1115,417,1114,418,1114,419,1114,420,1114,421,1114,422,1114,423,1114,424,1114,425,1114,426,1114,427,1114,427,1114,426,1115,425,1115,424,1115,424,1116,424,1116,423,1116,422,1116,421,1116,420,1116,419,1116,418,1116,417,1116,417,1117,417,1118,417,1118,417,1117
1,2,1116,9,470,1116,471,1115,471,1114,471,1114,472,1114,473,1114,474,1114,475,1114,476,1114,477,1114,478,1114,479,1114,480,1114,481,1114,482,1114,482,1114,482,1115,482,1116,482,1117,482,1118,481,1118,480,1118,479,1118,478,1118,477,1118,476,1118,475,1118,474,1118,473,1118,472,1118,471,1118,470,1118,470,1118,470,1117
1,2,1116,9,523,1116,523,1115,523,1114,523,1114,523,1115,523,1116,523,1117,523,1118,523,1118,523,1117
1,2,1116,9,539,1116,540,1116,541,1116,542,1116,543,1116,544,1115,545,1114,545,1114,545,1115,545,1116,545,1117,546,1118,546,1118,545,1118,544,1118,543,1118,542,1118,541,1118,540,1118,539,1118,538,1118,537,1118,536,1118,535,1118,535,1118,536,1118,537,1118,537,1117,537,1117,538,1117
1,2,1116,9,553,1116,553,1115,553,1114,554,1114,554,1115,554,1116,554,1117,554,1118,554,1118,553,1118,552,1118,552,1118,553,1118,553,1117
1,2,1116,9,565,1116,565,1115,565,1115,566,1116,567,1117,568,1118,568,1118,567,1118,566,1118,565,1118,565,1118,565,1117
1,2,1116,9,611,1116,612,1116,613,1116,614,1116,615,1116,616,1116,617,1116,617,1115,617,1115,618,1115,618,1114,618,1114,619,1114,620,1114,621,1114,622,1114,623,1114,624,1114,625,1114,626,1114,627,1114,627,1114,627,1115,627,1116,627,1117,627,1118,626,1118,625,1118,624,1118,623,1118,622,1118,621,1118,620,1118,619,1118,618,1118,617,1118,616,1118,615,1118,614,1118,613,1118,612,1118,611,1118,610,1118,609,1118,608,1118,608,1118,609,1118,609,1117,609,1117,610,1117
1,2,1116,9,640,1116,640,1115,640,1115,641,1115,642,1115,642,1116,642,1117,643,1117,643,1117,643,1118,644,1118,644,1118,643,1118,642,1118,641,1118,640,1117
1,2,1115,9,701,1115,701,1114,701,1113,702,1113,703,1113,704,1113,705,1113,706,1113,707,1113,708,1113,709,1113,710,1113,710,1114,710,1115,710,1116,710,1117,710,1117,709,1117,708,1117,707,1117,706,1117,705,1117,704,1117,703,1117,702,1117,701,1117,701,1117,701,1116
1,2,1115,9,744,1115,744,1114,744,1113,745,1113,745,1114,745,1115,745,1116,745,1117,745,1117,744,1117,744,1117,744,1116
1,2,1115,9,793,1115,793,1114,793,1113,794,1113,795,1113,796,1113,797,1113,798,1113,799,1113,800,1113,800,1114,800,1115,801,1115,801,1115,801,1116,801,1117,800,1117,799,1117,798,1117,797,1117,796,1117,795,1117,794,1117,793,1117,793,1117,793,1116
1,2,1115,9,813,1115,813,1114,813,1114,814,1115,815,1116,816,1117,816,1117,815,1117,814,1117,813,1117,813,1117,813,1116
1,2,1115,9,873,1115,873,1114,873,1113,874,1113,874,1114,874,1115,874,1116,874,1117,874,1117,873,1117,873,1117,873,1116
1,2,1115,9,931,1115,931,1114,931,1113,932,1113,932,1114,932,1115,932,1116,932,1117,932,1117,931,1117,931,1117,931,1116
1,2,1115,9,977,1115,977,1114,977,1113,978,1113,978,1114,978,1115,978,1116,978,1117,978,1117,977,1117,977,1117,977,1116
1,4,1125,9,11,1125,11,1124,11,1123,12,1123,13,1123,14,1123,15,1123,15,1123,15,1124,15,1125,15,1126,15,1127,14,1127,13,1127,12,1127,11,1127,11,1127,11,1126
1,4,1125,9,21,1125,21,1124,21,1123,22,1123,22,1124,22,1125,22,1126,22,1127,22,1127,21,1127,21,1127,21,1126
1,4,1125,9,35,1125,35,1124,34,1124,34,1124,34,1123,33,1123,33,1123,34,1123,35,1123,36,1123,37,1123,38,1123,39,1123,40,1123,40,1124,39,1125,38,1125,37,1125,36,1125,35,1125
1,4,1125,9,45,1125,45,1124,45,1123,46,1123,47,1123,48,1123,49,1123,50,1123,51,1123,52,1123,53,1123,54,1123,55,1124,55,1125,55,1126,55,1127,54,1127,53,1127,52,1127,51,1127,50,1127,49,1127,48,1127,47,1127,46,1127,45,1127,45,1127,45,1126
1,4,1125,9,81,1125,81,1124,81,1123,82,1123,83,1123,84,1123,85,1123,86,1123,87,1123,88,1123,89,1123,90,1123,91,1123,92,1123,93,1123,93,1123,93,1124,93,1125,93,1126,93,1127,92,1127,91,1127,90,1127,89,1127,88,1127,87,1127,86,1127,85,1127,84,1127,83,1127,82,1127,81,1127,81,1127,81,1126
1,4,1125,9,112,1125,112,1124,112,1124,113,1124,113,1123,113,1123,114,1123,115,1123,116,1123,117,1123,118,1123,119,1123,119,1124,118,1125,117,1126,117,1127,117,1127,116,1127,115,1127,114,1127,113,1127,112,1127,111,1127,110,1127,110,1127,111,1126
1,4,1125,9,162,1125,162,1124,162,1123,163,1123,164,1123,165,1123,166,1123,167,1123,168,1123,169,1123,170,1123,171,1123,172,1123,173,1123,174,1123,175,1123,175,1124,175,1125,175,1126,174,1127,173,1127,172,1127,171,1127,170,1127,169,1127,168,1127,167,1127,166,1127,165,1127,164,1127,163,1127,162,1127,162,1127,162,1126
1,4,1125,9,193,1125,193,1124,193,1123,194,1123,195,1123,196,1123,197,1123,198,1123,199,1123,199,1123,199,1124,199,1124,198,1124,198,1125,198,1126,197,1127,196,1127,195,1127,194,1127,193,1127,192,1127,191,1127,191,1127,191,1126,191,1126,192,1126,192,1125,192,1125
1,4,1125,9,243,1125,243,1124,242,1123,242,1123,243,1123,244,1123,245,1123,246,1123,247,1123,248,1123,249,1123,250,1123,251,1123,252,1123,253,1123,254,1123,255,1124,255,1125,254,1126,254,1127,254,1127,253,1127,252,1127,251,1127,250,1127,249,1127,248,1127,247,1127,246,1127,245,1127,244,1127,243,1127,242,1127,242,1127,243,1127,243,1126
1,4,1125,9,244,1125,244,1124,243,1124,243,1125
1,4,1125,9,245,1125,245,1124,244,1124,244,1125
1,4,1125,9,246,1125,246,1124,245,1124,245,1125
1,4,1125,9,247,1125,247,1124,246,1124,246,1125
1,4,1125,9,248,1125,248,1124,247,1124,247,1125
1,4,1125,9,249,1125,249,1124,248,1124,248,1125
1,4,1125,9,250,1125,250,1124,249,1124,249,1125
1,4,1125,9,251,1125,251,1124,250,1124,250,1125
1,4,1125,9,252,1125,252,1124,251,1124,251,1125
1,4,1125,9,253,1125,253,1124,252,1124,252,1125
1,4,1125,9,254,1125,254,1124,253,1124,253,1125
1,4,1126,9,269,1126,269,1125,269,1124,270,1124,271,1124,272,1124,273,1124,274,1124,274,1125,274,1126,275,1126,275,1126,275,1127,276,1127,277,1126,278,1125,279,1125,279,1126,279,1127,279,1127,278,1127,278,1128,278,1128,277,1128,276,1128,275,1128,274,1128,273,1128,272,1128,271,1128,270,1128,269,1127
1,4,1126,9,295,1126,296,1125,296,1124,295,1124,295,1124,296,1124,296,1125,296,1126,296,1127,296,1128,296,1128,295,1128,295,1128,295,1127
1,4,1125,9,307,1125,307,1124,307,1124,308,1124,308,1123,308,1123,309,1123,310,1123,311,1123,311,1123,311,1124,312,1124,312,1124,312,1125,312,1126,312,1127,313,1127,314,1127,315,1127,315,1126,315,1126,316,1126,316,1125,316,1125,317,1125,317,1125,317,1126,317,1127,316,1127,315,1127,314,1127,313,1127,312,1127,311,1127,310,1127,309,1127,308,1127,307,1127,307,1127,307,1126
1,4,1125,9,333,1125,333,1124,333,1123,334,1123,335,1123,336,1123,337,1123,338,1123,339,1123,340,1123,341,1123,342,1123,343,1123,344,1123,345,1123,345,1123,345,1124,345,1125,345,1126,345,1127,344,1127,343,1127,342,1127,341,1127,340,1127,339,1127,338,1127,337,1127,336,1127,335,1127,334,1127,333,1127,333,1127,333,1126
1,4,1125,9,364,1125,364,1124,364,1123,365,1123,366,1123,367,1123,368,1123,369,1123,370,1123,370,1123,370,1124,370,1124,369,1124,369,1125,369,1126,368,1127,367,1127,366,1127,365,1127,364,1127,363,1127,362,1127,361,1127,361,1127,362,1127,362,1126,362,1126,363,1126,363,1125,363,1125
1,4,1125,9,417,1125,417,1124,416,1123,416,1123,417,1123,418,1123,419,1123,420,1123,421,1123,422,1123,423,1123,424,1123,425,1123,426,1123,427,1123,428,1123,429,1123,429,1123,429,1124,429,1125,429,1126,429,1126,428,1126,428,1127,428,1127,427,1127,426,1127,425,1127,424,1127,423,1127,422,1127,421,1127,420,1127,419,1127,418,1127,417,1127,416,1127,416,1127,417,1127,417,1126
1,4,1126,9,473,1126,474,1125,475,1125,476,1125,477,1125,478,1125,479,1125,480,1125,481,1124,482,1124,482,1125,482,1126,482,1127,482,1128,482,1128,481,1128,480,1128,479,1128,478,1128,477,1128,476,1128,475,1128,474,1128,473,1128,472,1128,471,1128,471,1128,471,1127,471,1127,472,1127
1,4,1125,9,523,1125,523,1124,523,1123,523,1123,523,1124,523,1125,523,1126,523,1127,523,1127,523,1126
1,4,1125,9,535,1125,535,1124,534,1124,534,1124,534,1123,534,1123,535,1123,536,1123,537,1123,538,1123,539,1123,540,1123,541,1123,542,1123,543,1123,544,1123,545,1123,545,1123,545,1124,545,1125,545,1126,545,1127,544,1127,544,1126,544,1125,543,1124,542,1124,541,1125,540,1125,539,1125,538,1125,537,1125,536,1125,535,1125
1,4,1125,9,565,1125,565,1124,565,1123,566,1123,567,1123,568,1123,569,1123,570,1123,571,1123,571,1123,571,1124,571,1124,570,1124,570,1125,570,1126,569,1127,568,1127,567,1127,566,1127,565,1127,564,1127,563,1127,562,1127,562,1127,563,1127,563,1126,563,1126,564,1126,564,1125,564,1125
1,4,1125,9,609,1125,609,1124,608,1124,608,1124,608,1123,607,1123,607,1123,608,1123,609,1123,610,1123,611,1123,612,1123,613,1123,614,1123,615,1123,616,1123,617,1123,618,1123,619,1123,619,1123,619,1124,619,1125,619,1126,619,1127,618,1127,618,1126,618,1125,617,1124,616,1124,615,1124,614,1124,614,1125,614,1125,613,1125,612,1125,611,1125,610,1125,609,1125
1,4,1125,9,640,1125,640,1124,640,1124,641,1124,641,1123,641,1123,642,1123,643,1123,644,1123,645,1123,646,1123,647,1123,647,1124,646,1125,645,1126,645,1127,645,1127,644,1127,643,1127,642,1127,641,1127,640,1127,639,1127,638,1127,638,1127,638,1126,638,1126,639,1126
1,4,1125,9,690,1125,691,1124,691,1123,691,1123,692,1123,693,1123,694,1123,695,1123,696,1123,697,1123,698,1123,699,1123,700,1123,701,1123,702,1123,703,1123,704,1123,705,1123,706,1123,707,1123,708,1123,709,1123,710,1123,710,1123,710,1124,710,1124,709,1124,709,1125,709,1126,708,1127,707,1127,706,1127,705,1127,704,1127,703,1127,702,1127,701,1127,700,1127,699,1127,698,1127,697,1127,696,1127,695,1127,694,1127,693,1127,692,1127,691,1127,690,1127,690,1127,690,1126
1,4,1125,9,718,1125,718,1124,718,1123,719,1123,720,1123,721,1123,722,1123,722,1123,722,1124,723,1124,723,1124,723,1125,724,1126,725,1126,726,1125,727,1124,727,1124,727,1125,727,1126,727,1127,727,1127,726,1127,725,1127,724,1127,723,1127,722,1127,721,1127,720,1127,719,1127,718,1127,718,1127,718,1126
1,4,1125,9,744,1125,744,1124,744,1123,745,1123,745,1124,745,1125,745,1126,745,1127,745,1127,744,1127,744,1127,744,1126
1,4,1125,9,755,1125,755,1124,755,1124,756,1124,756,1123,756,1123,757,1123,758,1123,759,1123,760,1123,760,1124,760,1125,761,1125,761,1125,761,1126,762,1126,763,1126,764,1126,764,1125,764,1125,765,1125,765,1124,765,1124,765,1125,765,1126,765,1127,764,1127,763,1127,762,1127,761,1127,760,1127,759,1127,758,1127,757,1127,756,1127,755,1126
1,4,1125,9,785,1125,786,1125,787,1125,787,1124,787,1124,788,1124,789,1124,790,1124,791,1124,792,1124,793,1123,794,1123,795,1123,796,1123,797,1123,798,1123,799,1123,800,1123,801,1123,802,1123,802,1124,802,1125,802,1126,802,1127,802,1127,801,1127,800,1127,799,1127,798,1127,797,1127,796,1127,795,1127,794,1127,793,1127,792,1127,791,1127,790,1127,789,1127,788,1127,787,1127,786,1127,785,1127,784,1127,783,1127,783,1127,783,1126,783,1126,784,1126
1,4,1124,9,813,1124,813,1123,813,1122,814,1122,815,1122,816,1122,817,1122,818,1122,819,1122,819,1122,819,1123,819,1124,818,1125,817,1126,816,1126,815,1126,814,1126,813,1126,812,1126,811,1126,811,1126,812,1125
1,4,1124,9,814,1124,814,1123,813,1123,813,1124
1,4,1124,9,815,1124,815,1123,814,1123,814,1124
1,4,1124,9,816,1124,816,1123,815,1123,815,1124
1,4,1124,9,817,1124,817,1123,816,1123,816,1124
1,4,1124,9,818,1124,818,1123,817,1123,817,1124
1,4,1124,9,862,1124,863,1123,863,1122,863,1122,864,1122,865,1122,866,1122,867,1122,868,1122,869,1122,870,1122,871,1122,872,1122,873,1122,874,1122,874,1122,874,1123,874,1124,874,1125,874,1126,873,1126,872,1126,871,1126,870,1126,869,1126,868,1126,867,1126,866,1126,865,1126,864,1126,863,1126,862,1126,862,1126,862,1125
1,4,1124,9,920,1124,921,1123,921,1122,921,1122,922,1122,923,1122,924,1122,925,1122,926,1122,927,1122,928,1122,929,1122,930,1122,931,1122,932,1122,932,1122,932,1123,932,1124,932,1125,932,1126,931,1126,930,1126,929,1126,928,1126,927,1126,926,1126,925,1126,924,1126,923,1126,922,1126,921,1126,920,1126,920,1126,920,1125
1,4,1124,9,977,1124,977,1123,977,1122,978,1122,978,1123,978,1124,978,1125,978,1126,978,1126,977,1126,977,1126,977,1125
1,6,1134,9,11,1134,11,1133,10,1132,10,1132,11,1132,12,1132,13,1132,14,1132,14,1132,13,1132,13,1133,13,1134,13,1135,13,1136,12,1136,11,1136,11,1136,11,1135
1,6,1134,9,21,1134,21,1133,21,1132,22,1132,22,1133,22,1134,22,1135,22,1136,22,1136,21,1136,21,1136,21,1135
1,6,1134,9,41,1134,41,1133,41,1133,42,1133,42,1132,42,1132,43,1132,44,1132,45,1132,46,1132,47,1132,47,1132,47,1133,47,1133,46,1133,46,1134,46,1134,45,1134,45,1135,45,1135,44,1135,44,1136,44,1136,43,1136,42,1136,41,1136,40,1136,39,1136,39,1136,40,1135
1,6,1135,9,81,1135,81,1134,81,1133,82,1133,82,1134,82,1135,82,1136,82,1137,82,1137,81,1137,81,1137,81,1136
1,6,1135,9,114,1135,114,1134,113,1133,113,1133,114,1133,115,1133,116,1134,116,1135,116,1136,117,1136,117,1136,117,1137,118,1137,118,1137,117,1137,116,1137,115,1137,114,1137,113,1137,112,1137,111,1137,110,1137,109,1137,109,1137,110,1137,110,1136,110,1136,111,1136,112,1136,113,1136
1,6,1135,9,162,1135,162,1134,162,1133,163,1133,163,1134,163,1135,163,1136,163,1137,163,1137,162,1137,162,1137,162,1136
1,6,1135,9,194,1135,194,1134,194,1133,195,1133,196,1133,196,1133,196,1134,197,1135,198,1136,198,1137,197,1137,196,1137,195,1137,194,1137,193,1137,192,1137,191,1137,190,1137,189,1137,189,1137,190,1137,190,1136,190,1136,191,1136,192,1136,193,1136
1,6,1135,9,242,1135,242,1134,242,1133,243,1133,243,1134,243,1135,243,1136,243,1137,243,1137,242,1137,242,1137,242,1136
1,6,1135,9,273,1135,274,1134,274,1133,274,1133,275,1133,276,1133,276,1133,275,1133,275,1134,275,1135,274,1136,274,1137,274,1137,273,1137,272,1137,272,1137,273,1137,273,1136
1,6,1135,9,295,1135,295,1134,295,1133,296,1133,296,1134,296,1135,296,1136,296,1137,296,1137,295,1137,295,1137,295,1136
1,6,1135,9,311,1135,311,1134,311,1134,312,1134,312,1133,312,1133,313,1133,313,1133,313,1134,313,1134,312,1134,312,1135,312,1136,311,1137,310,1137,310,1136
1,6,1134,9,333,1134,333,1133,333,1132,334,1132,334,1133,334,1134,334,1135,334,1136,334,1136,333,1136,333,1136,333,1135
1,6,1134,9,365,1134,365,1133,364,1133,364,1133,364,1132,364,1132,365,1132,366,1132,367,1132,367,1132,367,1133,367,1134,367,1135,368,1135,368,1135,368,1136,368,1136,367,1136,366,1136,365,1136,364,1136,363,1136,362,1136,362,1136,363,1136,364,1136,365,1136,365,1135
1,6,1135,9,416,1135,416,1134,416,1133,417,1133,417,1134,417,1135,417,1136,417,1137,417,1137,416,1137,416,1137,416,1136
1,6,1135,9,481,1135,481,1134,480,1133,479,1133,478,1133,477,1133,477,1134,477,1134,476,1134,475,1134,474,1134,473,1134,472,1134,472,1134,472,1133,471,1133,471,1133,472,1133,473,1133,474,1133,475,1133,476,1133,477,1133,478,1133,479,1133,480,1133,481,1133,482,1133,482,1134,482,1135,482,1136,482,1137,482,1137,481,1137,481,1137,481,1136
1,6,1134,9,522,1134,523,1133,523,1132,522,1132,522,1132,523,1132,523,1133,523,1134,523,1135,523,1136,523,1136,522,1136,522,1136,522,1135
1,6,1134,9,544,1134,544,1133,544,1132,545,1132,545,1133,545,1134,545,1135,545,1136,545,1136,544,1136,544,1136,544,1135
1,6,1134,9,567,1134,567,1133,566,1133,565,1133,565,1132,566,1132,567,1132,568,1132,568,1133,568,1134,569,1134,569,1134,569,1135,570,1136,570,1136,569,1136,568,1136,567,1136,566,1136,565,1136,564,1136,563,1136,562,1136,562,1136,563,1136,564,1136,565,1136,566,1135
1,6,1134,9,618,1134,618,1133,618,1132,619,1132,619,1133,619,1134,619,1135,619,1136,619,1136,618,1136,618,1136,618,1135
1,6,1134,9,642,1134,642,1133,641,1132,641,1132,642,1132,643,1132,644,1132,644,1132,644,1133,644,1134,644,1135,645,1135,645,1135,645,1136,646,1136,646,1136,645,1136,644,1136,643,1136,642,1136,641,1136,640,1136,639,1136,638,1136,638,1136,639,1135,640,1135,641,1135
1,6,1134,9,701,1134,701,1133,701,1132,702,1132,702,1133,702,1134,702,1135,702,1136,702,1136,701,1136,701,1136,701,1135
1,6,1134,9,722,1134,723,1133,723,1132,723,1132,724,1132,724,1132,724,1133,724,1133,723,1133,723,1134,723,1135,722,1136,721,1136,721,1136,722,1136,722,1135
1,6,1134,9,744,1134,744,1133,744,1132,745,1132,745,1133,745,1134,745,1135,745,1136,745,1136,744,1136,744,1136,744,1135
1,6,1134,9,760,1134,760,1133,760,1133,761,1133,761,1132,761,1132,762,1132,762,1132,762,1133,762,1133,761,1133,761,1134,761,1135,760,1136,759,1136,759,1135
1,6,1134,9,784,1134,784,1133,783,1133,783,1133,783,1132,782,1132,782,1132,783,1132,784,1132,785,1132,786,1132,787,1132,788,1132,789,1132,790,1132,791,1132,792,1132,793,1132,794,1132,794,1132,794,1133,794,1134,794,1135,794,1136,793,1136,793,1135,793,1134,793,1133,793,1132,792,1132,791,1132,790,1132,790,1133,790,1133,789,1133,789,1134,789,1134,788,1134,787,1134,786,1134,785,1134,784,1134
1,6,1134,9,814,1134,814,1133,813,1132,813,1132,814,1132,815,1132,816,1132,816,1132,816,1133,817,1133,817,1133,817,1134,818,1135,819,1136,819,1136,818,1136,817,1136,816,1136,815,1136,814,1136,813,1136,812,1136,811,1136,810,1136,810,1136,811,1135,812,1135,813,1135
1,6,1134,9,873,1134,873,1133,873,1132,874,1132,874,1133,874,1134,874,1135,874,1136,874,1136,873,1136,873,1136,873,1135
1,6,1133,9,931,1133,931,1132,931,1131,932,1131,932,1132,932,1133,932,1134,932,1135,932,1135,931,1135,931,1135,931,1134
1,6,1133,9,977,1133,977,1132,977,1131,978,1131,978,1132,978,1133,978,1134,978,1135,978,1135,977,1135,977,1135,977,1134
1,8,1144,9,14,1144,14,1143,13,1143,13,1143,13,1142,13,1142,14,1142,15,1142,16,1143,16,1144,16,1145,17,1145,17,1145,17,1146,17,1146,16,1146,15,1146,15,1145,15,1144,14,1144
1,8,1144,9,21,1144,21,1143,21,1142,22,1142,22,1143,22,1144,22,1145,22,1146,22,1146,21,1146,21,1146,21,1145
1,8,1144,9,81,1144,81,1143,81,1142,82,1142,83,1142,84,1142,85,1142,86,1142,87,1142,88,1142,89,1142,90,1142,91,1142,92,1142,93,1142,93,1142,93,1143,93,1144,93,1145,93,1145,92,1145,92,1146,92,1146,91,1146,90,1146,89,1146,88,1146,87,1146,86,1146,85,1146,84,1146,83,1146,82,1146,81,1146,81,1146,81,1145
1,8,1144,9,111,1144,111,1143,110,1143,110,1143,110,1142,109,1142,109,1142,110,1142,111,1142,112,1142,113,1142,113,1142,113,1143,113,1144,113,1145,113,1146,113,1146,113,1145,112,1145,112,1145,112,1144,111,1144
1,8,1144,9,162,1144,162,1143,162,1142,163,1142,164,1142,165,1142,166,1142,167,1142,168,1142,169,1142,170,1142,171,1142,172,1142,173,1142,174,1142,174,1142,174,1143,174,1144,174,1145,174,1146,173,1146,172,1146,171,1146,170,1146,169,1146,168,1146,167,1146,166,1146,165,1146,164,1146,163,1146,162,1146,162,1146,162,1145
1,8,1144,9,191,1144,191,1143,190,1143,190,1143,190,1142,189,1142,189,1142,190,1142,191,1142,192,1142,193,1142,193,1142,193,1143,193,1144,193,1145,193,1146,193,1146,193,1145,192,1145,192,1145,192,1144,191,1144
1,8,1144,9,242,1144,242,1143,242,1142,243,1142,244,1142,245,1142,246,1142,247,1142,248,1142,249,1142,250,1142,251,1142,252,1142,253,1142,254,1142,254,1142,254,1143,254,1144,254,1145,254,1146,253,1146,252,1146,251,1146,250,1146,249,1146,248,1146,247,1146,246,1146,245,1146,244,1146,243,1146,242,1146,242,1146,242,1145
1,8,1144,9,295,1144,295,1143,295,1142,296,1142,296,1143,296,1144,296,1145,296,1146,296,1146,295,1146,295,1146,295,1145
1,8,1144,9,333,1144,333,1143,333,1142,334,1142,335,1142,336,1142,337,1142,338,1142,339,1142,340,1142,341,1142,342,1142,343,1142,344,1142,345,1142,345,1142,345,1143,345,1144,345,1145,345,1145,344,1145,344,1146,344,1146,343,1146,342,1146,341,1146,340,1146,339,1146,338,1146,337,1146,336,1146,335,1146,334,1146,333,1146,333,1146,333,1145
1,8,1144,9,362,1144,362,1143,361,1143,361,1143,361,1142,360,1142,360,1142,361,1142,362,1142,363,1142,364,1142,364,1142,364,1143,365,1144,365,1145,365,1146,365,1146,364,1146,364,1146,364,1145,363,1145,363,1145,363,1144,362,1144
1,8,1144,9,416,1144,416,1143,416,1142,417,1142,418,1142,419,1142,420,1142,421,1142,422,1142,423,1142,424,1142,425,1142,426,1142,427,1142,428,1142,429,1142,429,1143,429,1144,429,1144,428,1144,428,1145,428,1146,427,1146,426,1146,425,1146,424,1146,423,1146,422,1146,421,1146,420,1146,419,1146,418,1146,417,1146,416,1146,416,1146,416,1145
1,8,1144,9,474,1144,475,1144,476,1144,476,1143,476,1143,477,1143,478,1143,479,1143,480,1143,481,1143,481,1142,481,1142,481,1143,481,1144,482,1145,482,1146,481,1146,480,1146,479,1146,478,1146,477,1146,476,1146,475,1146,474,1146,473,1146,472,1146,471,1146,471,1146,472,1146,472,1145,472,1145,473,1145
1,8,1144,9,522,1144,522,1143,522,1142,523,1142,523,1143,523,1144,523,1145,523,1146,523,1146,522,1146,522,1146,522,1145
1,8,1144,9,534,1144,534,1143,534,1143,535,1143,535,1142,535,1142,536,1142,537,1142,538,1142,539,1142,540,1142,541,1142,542,1142,543,1142,544,1142,545,1142,546,1142,546,1142,546,1143,546,1144,545,1145,545,1146,545,1146,544,1146,543,1146,542,1146,541,1146,540,1146,539,1146,538,1146,537,1146,536,1146,535,1146,534,1146,533,1146,533,1145
1,8,1144,9,535,1144,535,1143,534,1143,534,1144
1,8,1144,9,536,1144,536,1143,535,1143,535,1144
1,8,1144,9,537,1144,537,1143,536,1143,536,1144
1,8,1144,9,538,1144,538,1143,537,1143,537,1144
1,8,1144,9,539,1144,539,1143,538,1143,538,1144
1,8,1144,9,540,1144,540,1143,539,1143,539,1144
1,8,1144,9,541,1144,541,1143,540,1143,540,1144
1,8,1144,9,542,1144,542,1143,541,1143,541,1144
1,8,1144,9,543,1144,543,1143,542,1143,542,1144
1,8,1144,9,544,1144,544,1143,543,1143,543,1144
1,8,1144,9,545,1144,545,1143,544,1143,544,1144
1,8,1143,9,562,1143,562,1142,561,1141,561,1141,562,1141,563,1141,564,1141,565,1141,565,1142,565,1143,566,1144,566,1145,565,1145,564,1145,564,1145,564,1144,563,1144,563,1144,563,1143,562,1143
1,8,1143,9,607,1143,608,1142,608,1141,608,1141,609,1141,610,1141,611,1141,612,1141,613,1141,614,1141,615,1141,616,1141,617,1141,618,1141,619,1141,619,1141,619,1142,619,1143,619,1144,619,1145,618,1145,617,1145,616,1145,615,1145,614,1145,613,1145,612,1145,611,1145,610,1145,609,1145,608,1145,607,1145,606,1145,606,1145,607,1145,607,1144
1,8,1143,9,639,1143,639,1142,638,1142,638,1142,638,1141,637,1141,637,1141,638,1141,639,1141,640,1141,641,1141,641,1141,641,1142,641,1143,641,1144,641,1145,641,1145,641,1144,640,1144,640,1144,640,1143,639,1143
1,8,1143,9,690,1143,691,1142,692,1141,693,1141,694,1141,695,1141,696,1141,697,1141,698,1141,699,1141,700,1141,701,1141,702,1141,702,1141,702,1142,702,1143,702,1144,702,1145,701,1145,700,1145,699,1145,698,1145,697,1145,696,1145,695,1145,694,1145,693,1145,692,1145,691,1145,690,1145,690,1145,690,1144
1,8,1143,9,744,1143,744,1142,744,1141,745,1141,745,1142,745,1143,745,1144,745,1145,745,1145,744,1145,744,1145,744,1144
1,8,1143,9,782,1143,782,1142,782,1142,783,1142,783,1141,783,1141,784,1141,785,1141,786,1141,787,1141,788,1141,789,1141,790,1141,791,1141,792,1141,793,1141,794,1141,794,1141,794,1142,794,1143,794,1144,794,1145,793,1145,792,1145,791,1145,790,1145,789,1145,788,1145,787,1145,786,1145,785,1145,784,1145,783,1145,782,1145,781,1145,781,1145,782,1145,782,1144
1,8,1143,9,811,1143,811,1142,810,1142,810,1142,810,1141,809,1141,809,1141,810,1141,811,1141,812,1141,813,1141,813,1141,813,1142,814,1142,814,1142,814,1143,815,1144,815,1145,814,1145,813,1145,813,1145,813,1144,812,1144,812,1144,812,1143,811,1143
1,8,1143,9,862,1143,862,1142,862,1142,863,1142,863,1141,863,1141,864,1141,865,1141,866,1141,867,1141,868,1141,869,1141,870,1141,871,1141,872,1141,873,1141,874,1141,874,1141,874,1142,874,1143,874,1144,874,1145,873,1145,872,1145,871,1145,870,1145,869,1145,868,1145,867,1145,866,1145,865,1145,864,1145,863,1145,862,1145,862,1145,862,1144
1,8,1142,9,920,1142,921,1141,922,1140,923,1140,924,1140,925,1140,926,1140,927,1140,928,1140,929,1140,930,1140,931,1140,932,1140,932,1140,932,1141,932,1142,932,1143,932,1144,931,1144,930,1144,929,1144,928,1144,927,1144,926,1144,925,1144,924,1144,923,1144,922,1144,921,1144,920,1144,920,1144,920,1143
1,8,1142,9,977,1142,977,1141,977,1140,978,1140,978,1141,978,1142,978,1143,978,1144,978,1144,977,1144,977,1144,977,1143
