1,1,680,9,15,680,16,679,16,678,16,677,17,677,18,677,19,677,20,677,20,677,20,678,20,679,20,680,20,681,20,682,20,682,19,682,19,683,19,684,18,684,17,684,16,684,15,684,14,684,14,684,15,684,15,683,15,682,15,681
1,1,680,9,23,680,23,679,23,678,23,677,23,677,24,677,24,677,24,678,24,679,24,680,24,681,24,682,24,683,24,684,24,684,23,684,23,684,23,683,23,682,23,681
1,1,680,9,37,680,37,679,37,679,38,679,39,679,40,679,41,679,41,680,41,681,41,682,40,682,39,682,39,683,39,683,38,683,38,684,38,684,37,684,36,684,36,683,37,682,37,681
1,1,680,9,43,680,43,679,43,679,44,679,45,679,46,679,47,679,48,679,48,679,48,680,48,681,48,682,49,683,50,684,50,684,49,684,48,684,47,684,46,684,45,683,44,682,43,682,43,682,43,681
1,1,681,9,277,681,277,680,277,679,277,678,277,677,278,677,278,678,278,679,278,680,278,681,278,682,278,683,278,684,277,684,277,683,277,682
1,1,681,9,299,681,299,680,299,679,300,678,300,677,300,677,301,677,301,677,301,678,301,679,301,680,301,681,301,682,301,683,300,684,300,684,300,683,299,682
1,1,681,9,330,681,330,680,330,679,330,678,330,677,331,677,331,678,331,679,331,680,331,681,331,682,331,683,331,684,330,684,330,683,330,682
1,1,681,9,360,681,360,680,360,679,360,678,360,677,361,677,361,678,361,679,361,680,361,681,361,682,361,683,361,684,360,684,360,683,360,682
1,1,681,9,478,681,478,680,478,679,478,678,478,677,479,677,479,678,479,679,479,680,479,681,479,682,479,683,479,683,478,683,478,684,478,684,478,683,478,682
1,1,681,9,500,681,500,680,500,680,501,680,501,680,501,681,501,682,501,683,501,684,500,684,500,683,500,682
1,1,681,9,555,681,555,680,555,679,556,678,556,677,556,677,557,677,557,677,557,678,557,679,557,680,557,681,557,682,557,683,557,684,557,684,556,684,556,684,556,683,555,682
1,1,681,9,600,681,600,680,600,679,600,678,600,677,601,677,601,678,601,679,601,680,601,681,601,682,601,683,601,684,600,684,600,683,600,682
1,1,681,9,622,681,622,680,622,679,622,678,622,677,623,677,623,678,623,679,623,680,623,681,623,682,623,683,623,684,622,684,622,683,622,682
1,1,681,9,723,681,723,680,723,679,723,678,723,677,724,677,724,678,724,679,724,680,724,681,724,682,724,683,724,684,723,684,723,683,723,682
1,1,680,9,979,680,979,679,979,678,979,677,979,676,980,676,980,677,980,678,980,679,980,680,980,681,980,682,980,683,979,683,979,682,979,681
1,3,690,9,13,690,13,689,13,689,14,689,14,688,14,687,15,687,16,687,17,687,18,687,18,687,18,688,18,689,17,690,17,691,17,692,17,693,17,694,16,694,15,694,14,694,13,694,13,694,13,693,13,692,13,691
1,3,690,9,23,690,23,689,23,688,23,687,23,687,24,687,24,687,24,688,24,689,24,690,24,691,24,692,24,693,24,694,24,694,23,694,23,694,23,693,23,692,23,691
1,3,690,9,34,690,34,689,34,688,34,687,34,687,35,687,35,686,35,686,36,686,37,686,38,686,39,686,40,687,41,687,41,687,41,688,42,688,42,688,42,689,42,690,42,691,42,692,42,693,42,693,41,693,40,693,39,693,38,693,37,693,36,693,35,692,34,691
1,3,690,9,47,690,47,689,47,688,47,687,47,686,48,686,49,686,50,686,51,686,52,686,53,686,54,686,55,686,56,686,57,686,57,686,56,687,56,688,56,689,56,690,56,690,55,690,54,690,53,690,53,691,54,692,55,692,56,692,57,692,57,692,57,693,57,693,56,693,55,693,54,693,53,693,52,693,51,693,50,693,49,693,48,693,47,693,47,692,47,691
1,3,690,9,94,690,94,689,94,689,95,689,95,689,95,690,95,691,95,692,95,693,94,693,94,692,94,691
1,3,690,9,182,690,182,689,182,688,182,687,182,686,183,686,183,687,183,688,183,689,183,690,183,691,183,692,183,693,182,693,182,692,182,691
1,3,690,9,277,690,277,689,277,688,277,687,277,687,278,687,278,687,278,688,278,689,278,690,278,691,278,692,278,693,278,694,278,694,277,694,277,694,277,693,277,692,277,691
1,3,690,9,299,690,299,689,299,688,300,687,300,687,300,688,301,688,301,688,301,689,301,690,301,691,301,691,300,691,300,692,300,693,300,694,300,694,300,693,300,692,299,692,299,692,299,691
1,3,690,9,321,690,322,690,323,690,324,690,325,690,325,689,325,689,326,689,327,689,328,689,329,689,330,689,330,688,330,687,331,687,331,688,331,689,331,690,331,691,331,692,331,693,331,694,330,694,329,694,328,694,327,694,326,694,325,694,324,694,323,694,322,694,321,694,320,694,319,694,319,694,319,693,319,693,320,693,320,692,320,692,321,692,321,691
1,3,690,9,360,690,360,689,360,688,360,687,360,687,361,687,361,687,361,688,361,689,361,690,361,691,361,692,361,693,361,694,361,694,360,694,360,694,360,693,360,692,360,691
1,3,690,9,403,690,403,689,403,689,404,689,404,689,404,690,404,691,404,692,404,693,403,693,403,692,403,691
1,3,690,9,446,690,446,689,446,688,446,687,446,687,447,687,447,687,447,688,447,689,447,690,447,691,447,692,447,693,447,694,447,694,446,694,446,694,446,693,446,692,446,691
1,3,691,9,478,691,478,690,478,689,478,688,478,687,478,687,478,688,479,688,479,688,479,689,479,690,479,691,479,692,478,693,478,694,478,694,478,693,478,692
1,3,690,9,500,690,500,689,500,688,500,687,500,687,501,687,501,687,501,688,501,689,501,690,501,691,501,692,501,693,501,694,501,694,500,694,500,694,500,693,500,692,500,691
1,3,690,9,555,690,555,689,555,689,556,689,556,688,556,687,556,686,556,686,557,686,557,686,557,687,557,688,557,689,557,690,557,691,557,692,557,693,557,693,556,693,556,693,556,692,555,692,555,692,555,691
1,3,690,9,600,690,600,689,600,688,600,687,600,687,601,687,601,687,601,688,601,689,601,690,601,691,601,692,601,693,601,694,601,694,600,694,600,694,600,693,600,692,600,691
1,3,690,9,622,690,622,689,622,688,622,687,622,686,623,686,623,687,623,688,623,689,623,690,623,691,623,692,623,693,622,693,622,692,622,691
1,3,690,9,670,690,670,689,670,689,671,689,672,689,673,689,674,689,675,689,676,689,677,689,678,689,679,689,679,689,679,690,679,691,679,692,679,693,679,694,679,694,678,694,678,694,678,693,677,692,676,692,675,692,674,692,673,692,672,692,672,693,672,693,671,693,670,694,669,694,668,694,667,694,667,694,668,694,668,693,668,693,669,693,669,692,669,692,670,692,670,691
1,3,690,9,723,690,723,689,723,688,723,687,723,686,723,686,723,687,724,688,724,689,724,690,724,691,723,692,723,693,723,693,723,692,723,691
1,3,690,9,745,690,745,689,745,689,746,689,746,689,746,690,746,691,746,692,746,693,745,693,745,692,745,691
1,3,690,9,865,690,865,689,865,688,866,687,866,686,866,686,867,686,867,686,867,687,867,688,867,689,867,690,867,691,867,692,867,693,867,693,866,693,866,693,866,692,865,691
1,3,689,9,979,689,979,688,979,687,979,686,979,686,980,686,980,686,980,687,980,688,980,689,980,690,980,691,980,692,980,693,980,693,979,693,979,693,979,692,979,691,979,690
1,5,699,9,13,699,13,698,13,697,13,696,13,696,14,696,15,696,16,696,17,696,17,696,16,696,16,697,16,698,16,699,16,700,16,701,16,702,16,703,16,703,15,703,14,703,13,703,13,703,13,702,13,701,13,700
1,5,699,9,23,699,23,698,23,697,23,696,23,696,24,696,24,696,24,697,24,698,24,699,24,700,24,701,24,702,24,703,24,703,23,703,23,703,23,702,23,701,23,700
1,5,699,9,44,699,44,698,44,698,45,698,46,697,46,696,46,696,47,696,47,695,47,695,48,695,49,695,50,695,51,695,52,695,53,695,54,695,55,695,56,695,57,695,57,696,56,697,56,698,56,699,55,699,54,699,54,699,54,698,54,697,54,696,53,696,52,696,51,696,51,697,51,698,51,699,51,699,50,699,50,700,50,700,49,700,49,701,49,701,48,701,48,702,48,702,47,702,46,702,45,702,44,702,43,702,43,702,44,701,44,700
1,5,699,9,94,699,94,698,94,697,94,696,94,695,95,695,95,696,95,697,95,698,95,699,95,700,95,701,95,702,94,702,94,701,94,700
1,5,699,9,182,699,182,698,182,697,182,696,182,695,183,695,183,696,183,697,183,698,183,699,183,700,183,701,183,702,182,702,182,701,182,700
1,5,699,9,257,699,257,698,257,697,257,696,257,696,258,696,258,695,258,695,258,696,258,697,259,697,259,697,259,698,260,698,260,698,260,699,260,700,260,701,260,702,259,702,258,702,257,702,257,701,257,700
1,5,699,9,277,699,277,698,277,697,277,696,277,695,278,695,278,696,278,697,278,698,278,699,278,700,278,701,278,702,277,702,277,701,277,700
1,5,699,9,299,699,299,698,299,697,299,696,299,696,300,696,300,696,300,697,301,697,301,697,301,698,301,699,301,700,301,700,300,700,300,701,300,702,300,703,300,703,299,703,299,703,299,702,299,701,299,700
1,5,699,9,319,699,319,698,318,698,318,699
1,5,699,9,320,699,320,698,319,698,319,699
1,5,699,9,321,699,321,698,320,698,320,699
1,5,699,9,322,699,322,698,321,698,321,699
1,5,699,9,323,699,323,698,322,698,322,699
1,5,699,9,324,699,324,698,323,698,323,699
1,5,699,9,325,699,325,698,324,698,324,699
1,5,699,9,326,699,326,698,325,698,325,699
1,5,699,9,327,699,327,698,326,698,326,699
1,5,699,9,328,699,328,698,327,698,327,699
1,5,699,9,329,699,329,698,328,698,328,699
1,5,699,9,360,699,360,698,360,697,360,696,360,696,361,696,361,696,361,697,361,698,361,699,361,700,361,701,361,702,361,703,361,703,360,703,359,703,358,703,357,703,356,703,355,703,354,703,354,703,355,703,356,703,357,703,358,703,359,703,360,703,360,702,360,701,360,700
1,5,699,9,403,699,403,698,403,697,403,696,403,695,404,695,404,696,404,697,404,698,404,699,404,700,404,701,404,702,403,702,403,701,403,700
1,5,699,9,446,699,446,698,446,697,446,696,446,696,447,696,447,696,447,697,447,698,447,699,447,700,447,701,447,702,447,703,447,703,446,703,446,703,446,702,446,701,446,700
1,5,699,9,478,699,478,698,478,697,478,696,478,696,479,697,479,698,479,699,479,700,478,701,478,702,478,703,478,703,478,702,478,701,478,700
1,5,699,9,500,699,500,698,500,697,500,696,500,695,501,695,501,696,501,697,501,698,501,699,501,700,501,701,501,702,500,702,500,701,500,700
1,5,699,9,556,699,556,698,556,697,556,696,556,695,557,695,557,696,557,697,557,698,557,699,557,700,557,701,557,702,556,702,556,701,556,700
1,5,699,9,600,699,600,698,600,697,600,696,600,695,601,695,601,696,601,697,601,698,601,699,601,700,601,701,601,702,600,702,600,701,600,700
1,5,699,9,613,699,613,698,613,698,614,698,615,698,616,698,617,698,618,698,619,698,619,699,619,700,619,701,618,701,617,701,616,702,615,702,614,702,613,702,612,702,612,702,613,701,613,700
1,5,699,9,621,699,621,698,621,698,622,698,622,697,622,696,622,695,622,695,623,695,623,695,623,696,623,697,623,698,623,699,623,700,623,701,623,702,623,702,622,702,622,702,622,701,621,701,621,701,621,700
1,5,699,9,667,699,667,698,667,697,667,696,667,695,668,695,669,695,669,695,669,696,669,697,669,698,669,699,668,700,668,701,668,702,667,702,667,701,667,700
1,5,699,9,675,699,675,698,675,697,675,696,675,696,676,696,677,695,678,695,679,695,679,695,678,696,678,697,678,698,678,699,678,699,677,699,676,699,675,699
1,5,699,9,723,699,723,698,723,697,723,696,723,695,723,695,723,696,724,697,724,698,724,699,724,700,723,701,723,702,723,702,723,701,723,700
1,5,699,9,745,699,745,698,745,697,745,696,745,695,746,695,746,696,746,697,746,698,746,699,746,700,746,701,746,702,745,702,745,701,745,700
1,5,699,9,866,699,866,698,866,697,866,696,866,695,866,695,866,696,867,697,867,698,867,699,867,700,866,701,866,702,867,702,867,702,866,702,866,701,866,700
1,5,698,9,955,698,955,697,955,696,956,695,957,695,957,696,957,697,958,697,958,697,958,698,958,699,958,700,958,701,958,702,959,702,959,702,958,702,957,702,956,702,955,702,955,702,955,701,955,700,955,699
1,5,698,9,979,698,979,697,979,696,979,695,979,694,980,694,980,695,980,696,980,697,980,698,980,699,980,700,980,701,979,701,979,700,979,699
1,7,708,9,14,708,14,707,13,706,13,705,14,705,15,705,16,705,16,706,16,707,16,708,16,709,17,710,17,711,17,712,18,712,18,712,17,712,16,712,16,712,16,711,15,711,15,711,15,710,15,709,15,708,14,708
1,7,708,9,23,708,23,707,23,706,23,705,23,705,24,705,24,705,24,706,24,707,24,708,24,709,24,710,24,711,24,712,24,712,23,712,23,712,23,711,23,710,23,709
1,7,708,9,35,708,35,707,35,707,36,707,37,707,38,707,39,706,40,705,41,704,42,704,43,704,44,704,45,704,46,704,46,704,45,704,45,705,45,706,45,707,45,708,44,708,43,708,42,708,41,708,40,709,39,709,38,709,38,710,38,710,37,710,36,710,35,710,35,710,35,709
1,7,708,9,94,708,94,707,94,706,94,705,94,704,95,704,95,705,95,706,95,707,95,708,95,709,95,710,95,711,94,711,94,710,94,709
1,7,708,9,182,708,182,707,182,706,182,705,182,704,183,704,183,705,183,706,183,707,183,708,183,709,183,710,183,711,182,711,181,711,181,711,182,710,182,709
1,7,708,9,257,708,257,707,257,706,257,705,257,704,258,704,259,704,260,704,261,704,261,704,261,705,262,705,262,705,262,706,263,706,264,706,265,707,266,707,266,707,266,708,266,709,266,710,266,711,265,711,264,711,264,711,264,710,263,710,263,710,263,709,262,709,262,709,262,708,261,708,260,708,259,708,258,709,258,710,258,711,257,711,257,710,257,709
1,7,708,9,277,708,277,707,277,706,277,705,277,704,278,704,278,705,278,706,278,707,278,708,278,709,278,710,278,711,277,711,277,710,277,709
1,7,708,9,299,708,299,707,299,706,299,705,299,705,300,705,300,705,300,706,300,707,300,708,300,709,300,710,300,711,300,712,300,712,299,712,299,712,299,711,299,710,299,709
1,7,708,9,349,708,349,707,349,707,350,707,350,706,350,705,351,705,352,705,352,704,352,704,353,704,354,704,355,704,356,704,357,704,358,704,359,704,360,704,361,704,361,704,361,705,361,706,361,707,361,708,361,709,361,709,360,709,360,710,360,710,359,710,358,711,357,711,356,711,355,711,354,711,353,711,352,711,351,711,350,711,350,711,350,710,349,710,349,710,349,709
1,7,708,9,403,708,403,707,403,706,403,705,403,704,404,704,404,705,404,706,404,707,404,708,404,709,404,710,404,711,403,711,403,710,403,709
1,7,708,9,446,708,446,707,446,706,446,705,446,705,447,705,447,705,447,706,447,707,447,708,447,709,447,710,447,711,447,712,447,712,446,712,445,712,444,712,443,712,442,712,441,712,441,712,442,712,443,712,444,712,445,712,446,712,446,711,446,710,446,709
1,7,708,9,478,708,478,707,478,706,478,705,478,705,479,706,479,707,479,708,479,709,478,710,478,711,478,712,478,712,478,711,478,710,478,709
1,7,708,9,491,708,491,707,491,707,492,707,493,707,494,707,495,707,496,707,497,707,498,707,499,707,500,707,500,706,500,705,500,704,500,704,501,704,501,704,501,705,501,706,501,707,501,708,501,709,501,709,500,709,500,710,501,711,501,711,500,711,499,711,498,710,497,710,496,710,495,710,494,711,493,711,492,711,491,711,490,711,490,711,491,710,491,709
1,7,708,9,544,708,544,707,544,707,545,707,546,706,547,705,548,704,549,704,550,704,551,704,551,705,551,706,552,707,553,707,554,707,555,707,555,706,555,705,555,704,555,704,556,704,556,704,556,705,557,705,557,705,557,706,557,707,557,708,557,709,556,709,555,709,555,710,555,710,554,710,554,711,554,711,553,711,552,711,551,711,551,711,551,710,551,709,551,708,550,708,549,708,548,708,547,709,547,710,547,711,546,711,545,711,545,711,545,710,544,710,544,710,544,709
1,7,708,9,600,708,600,707,600,706,600,705,600,704,601,704,601,705,601,706,601,707,601,708,601,709,601,710,601,711,600,711,600,710,600,709
1,7,708,9,611,708,611,707,611,706,611,705,611,704,612,704,613,704,613,704,613,705,613,706,613,707,613,708,612,708,611,708
1,7,708,9,619,708,619,707,619,706,619,705,619,705,620,705,621,704,622,704,623,704,623,704,623,705,623,705,622,705,622,706,622,707,622,708,622,708,621,708,620,708,619,708
1,7,708,9,667,708,667,707,667,706,667,705,667,704,668,704,668,705,668,706,668,707,668,708,668,709,668,710,668,711,667,711,667,710,667,709
1,7,708,9,723,708,723,707,723,706,723,705,723,704,723,704,723,705,723,706,723,707,723,708,723,709,723,710,723,711,723,711,723,710,723,709
1,7,708,9,745,708,745,707,745,706,745,705,745,704,746,704,746,705,746,706,746,707,746,708,746,709,746,710,746,711,745,711,745,710,745,709
1,7,708,9,865,708,865,707,865,706,865,705,865,705,866,705,866,704,866,704,867,704,867,704,867,705,867,706,867,707,867,708,867,709,867,710,867,711,867,711,866,711,865,711,865,711,866,711,866,710,866,709,866,708,865,708
1,7,707,9,955,707,955,706,955,705,955,704,955,704,956,704,957,704,958,704,959,704,960,704,961,704,962,705,963,706,964,706,964,706,964,707,964,708,964,709,964,710,964,711,964,711,963,711,963,711,963,710,962,710,962,710,962,709,961,709,961,709,961,708,960,708,959,708,958,708,957,708,956,708,956,709,956,710,956,711,956,711,955,711,955,711,955,710,955,709,955,708
1,7,707,9,979,707,979,706,979,705,979,704,979,703,980,703,980,704,980,705,980,706,980,707,980,708,980,709,980,710,979,710,979,709,979,708
1,9,717,9,24,717,24,716,23,716,23,716,23,715,23,714,24,714,24,715,24,716,24,717
1,9,717,9,85,717,85,716,85,716,86,716,87,716,88,716,89,716,90,716,90,716,90,717,90,718,90,719,90,719,89,719,88,720,87,720,86,720,85,720,84,720,84,720,84,719,84,719,85,719,85,718
1,9,717,9,93,717,93,716,93,716,94,716,94,715,94,714,94,713,94,713,95,713,95,713,95,714,95,715,95,716,95,717,95,718,95,719,95,720,95,720,94,720,94,720,94,719,93,719,93,719,93,718
1,9,717,9,171,717,171,716,171,715,172,714,173,714,174,714,174,713,174,713,175,713,176,713,177,713,178,713,179,713,180,713,181,713,182,713,183,713,183,713,183,714,183,715,183,716,183,717,183,718,183,718,182,718,181,719,180,720,179,720,178,720,177,720,176,720,175,720,174,720,173,720,172,720,172,720,172,719,171,719,171,719,171,718
1,9,717,9,189,717,189,716,188,716,188,717
1,9,717,9,257,717,257,716,257,715,257,714,257,713,258,713,258,714,258,715,258,716,258,717,258,718,258,719,258,720,257,720,257,719,257,718
1,9,717,9,265,717,265,716,265,715,265,714,265,713,266,713,266,714,266,715,266,716,266,717,266,718,266,719,266,720,265,720,265,719,265,718
1,9,717,9,277,717,277,716,277,715,277,714,277,713,278,713,278,714,278,715,278,716,278,717,278,717,277,717
1,9,717,9,299,717,299,716,299,715,299,714,299,713,300,713,300,714,300,715,300,716,300,717,300,718,300,719,300,720,299,720,299,719,299,718
1,9,717,9,394,717,394,716,394,716,395,716,396,716,397,716,398,716,399,716,400,716,401,716,402,716,403,716,403,715,403,714,403,713,403,713,404,713,404,713,404,714,404,715,404,716,404,717,404,718,404,719,404,720,404,720,403,720,402,720,401,720,400,720,399,720,398,720,397,720,396,720,395,720,394,720,393,720,393,720,394,719,394,718
1,9,718,9,435,718,435,717,435,716,436,715,437,714,438,714,439,714,440,714,441,714,442,714,443,714,444,714,445,714,446,714,447,714,447,714,447,715,447,716,447,717,447,718,446,719,445,720,444,720,443,720,443,721,443,721,442,721,441,721,440,721,439,721,438,721,437,721,436,721,436,721,436,720,435,720,435,720,435,719
1,9,718,9,478,718,478,717,478,716,478,715,478,714,478,714,478,715,478,716,478,717,478,718
1,9,717,9,489,717,489,716,489,715,489,714,489,714,490,714,490,714,490,715,490,716,490,717,490,718,489,718
1,9,717,9,496,717,496,716,496,715,497,714,498,714,499,714,500,714,500,715,500,716,500,717,500,718,500,718,499,718,499,718,499,717,498,717,497,718,496,718
1,9,717,9,600,717,600,716,600,715,600,714,600,713,601,713,601,714,601,715,601,716,601,717,601,717,600,717
1,9,717,9,666,717,666,716,666,715,667,714,667,713,667,713,668,713,668,713,668,714,668,715,668,716,668,717,668,718,668,718,667,718,667,719,667,720,667,720,667,719,666,718
1,9,717,9,723,717,723,716,723,715,723,714,723,713,723,713,723,714,723,715,723,716,723,717
1,9,717,9,736,717,736,716,736,716,737,716,738,716,739,716,740,716,741,716,741,716,741,717,741,718,741,719,741,719,740,719,739,720,738,720,737,720,736,720,735,720,735,720,735,719,735,719,736,719,736,718
1,9,717,9,744,717,744,716,744,716,745,716,745,715,745,714,745,713,745,713,746,713,746,713,746,714,746,715,746,716,746,717,746,718,746,719,746,720,746,720,745,720,745,720,745,719,744,719,744,719,744,718
1,9,717,9,855,717,855,716,855,715,856,714,857,713,858,713,859,713,860,713,861,713,862,713,863,713,864,713,865,713,866,713,867,713,867,713,867,714,867,715,867,716,867,717,866,718,865,719,864,720,863,720,862,720,861,720,860,720,859,720,858,720,857,720,856,720,856,720,856,719,855,719,855,719,855,718
1,9,716,9,955,716,955,715,955,714,955,713,955,713,956,713,956,713,956,714,956,715,956,716,956,717,956,718,956,719,956,720,956,720,955,720,954,720,953,720,952,720,951,720,950,720,950,720,951,720,952,720,953,720,954,720,955,720,955,719,955,718,955,717
1,9,716,9,963,716,963,715,963,715,964,715,964,714,963,713,963,713,964,713,965,713,965,714,965,715,965,716,965,717,965,718,964,719,964,720,964,720,963,720,963,720,963,719,963,718,963,717
1,9,716,9,979,716,979,715,979,714,979,713,979,712,980,712,980,713,980,714,980,715,979,716
1,2,685,9,14,685,14,684,14,684,15,684,15,683,15,682,16,682,17,682,18,682,19,682,20,682,20,682,19,682,19,683,19,684,19,685,19,685,18,685,18,686,18,687,18,688,18,689,17,689,16,689,15,689,14,689,13,689,13,689,14,689,14,688,14,687,14,686
1,2,685,9,23,685,23,684,23,683,23,682,23,682,24,682,24,682,24,683,24,684,24,685,24,686,24,687,24,688,24,689,24,689,23,689,23,689,23,688,23,687,23,686
1,2,685,9,35,685,36,684,36,683,36,683,37,683,37,682,37,681,38,681,39,681,40,681,41,681,41,681,41,682,41,682,40,682,39,683,38,684,38,685,39,686,40,687,41,687,41,687,41,688,42,688,42,688,41,688,40,688,39,688,38,688,37,688,36,688,35,688,34,688,34,688,34,687,34,687,35,687,35,686
1,2,685,9,46,685,46,684,45,683,44,682,43,682,43,682,43,681,43,681,44,681,45,681,46,681,47,681,48,681,48,681,48,682,49,683,50,684,50,685,50,686,51,686,52,685,53,684,53,683,53,683,54,683,55,683,56,683,56,683,56,684,57,684,57,684,57,685,57,686,56,687,56,688,56,688,55,688,54,688,53,687,52,687,52,688,52,688,51,688,50,688,49,688,48,688,47,688,47,688,47,687,47,686,47,685,46,685
1,2,685,9,182,685,182,684,182,684,183,685,183,686,183,687,183,688,183,689,183,689,182,689,182,689,182,688,182,687,182,686
1,2,685,9,277,685,277,684,277,683,277,682,277,682,278,682,278,682,278,683,278,684,278,685,278,686,278,687,278,688,278,689,278,689,277,689,277,689,277,688,277,687,277,686
1,2,685,9,300,685,300,684,300,683,300,682,299,682,299,682,300,682,301,682,301,682,301,683,301,683,300,683,300,684,300,685,300,686,300,687,300,688,301,688,301,688,301,689,301,689,300,689,299,689,299,688,300,687,300,686
1,2,685,9,330,685,330,684,330,683,330,682,330,682,331,682,331,682,331,683,331,684,331,685,331,686,331,687,331,688,331,689,331,689,330,689,329,689,328,689,327,689,326,689,325,689,325,689,326,689,327,689,328,689,329,689,330,689,330,688,330,687,330,686
1,2,685,9,360,685,360,684,360,683,360,682,360,682,361,682,361,682,361,683,361,684,361,685,361,686,361,687,361,688,361,689,361,689,360,689,360,689,360,688,360,687,360,686
1,2,685,9,446,685,446,684,446,684,447,684,447,684,447,685,447,686,447,687,447,688,447,689,447,689,446,689,446,689,446,688,446,687,446,686
1,2,686,9,478,686,478,685,478,684,478,683,478,682,479,682,479,683,478,684,478,685,478,686,478,687,479,688,479,689,478,689,478,688,478,687
1,2,685,9,500,685,500,684,500,683,500,682,500,682,501,682,501,682,501,683,501,684,501,685,501,686,501,687,501,688,501,689,501,689,500,689,500,689,500,688,500,687,500,686
1,2,685,9,556,685,556,684,556,683,556,682,555,682,555,682,556,682,557,682,557,682,557,683,557,684,557,685,557,686,557,687,557,688,557,689,557,689,556,689,555,689,555,689,556,689,556,688,556,687,556,686
1,2,685,9,600,685,600,684,600,683,600,682,600,682,601,682,601,682,601,683,601,684,601,685,601,686,601,687,601,688,601,689,601,689,600,689,600,689,600,688,600,687,600,686
1,2,685,9,622,685,622,684,622,683,622,682,622,682,623,682,623,682,623,683,623,684,623,685,623,686,623,687,623,688,623,689,623,689,622,689,622,689,622,688,622,687,622,686
1,2,685,9,723,685,723,684,723,683,723,682,723,682,724,682,724,682,724,683,724,684,723,685,723,686,723,687,723,688,724,688,724,688,724,689,724,689,723,689,723,689,723,688,723,687,723,686
1,2,685,9,866,685,866,684,866,684,867,684,867,684,867,685,867,686,867,687,867,688,866,688,865,688,865,688,866,687,866,686
1,2,684,9,979,684,979,683,979,682,979,681,979,681,980,681,980,681,980,682,980,683,980,684,980,685,980,686,980,687,980,688,980,688,979,688,979,688,979,687,979,686,979,685
1,4,695,9,13,695,13,694,13,693,13,692,13,691,14,691,15,691,16,691,17,691,17,691,17,692,17,693,17,694,17,695,17,696,17,696,16,696,16,697,16,698,15,698,14,698,13,698,13,697,13,696
1,4,695,9,23,695,23,694,23,693,23,692,23,691,24,691,24,692,24,693,24,694,24,695,24,696,24,697,24,698,23,698,23,697,23,696
1,4,694,9,37,694,37,693,36,693,36,693,36,692,35,692,35,692,35,691,34,691,34,691,35,691,36,691,37,691,38,691,39,691,40,691,41,691,42,691,42,691,42,692,42,693,41,693,40,693,40,694,40,694,39,694,38,694,37,694
1,4,694,9,47,694,47,693,47,692,47,691,47,691,48,691,49,691,50,691,51,691,52,691,53,691,54,692,55,692,56,692,57,692,57,692,57,693,57,694,57,695,57,696,56,697,56,698,56,698,55,698,54,698,53,698,52,698,51,698,50,698,49,698,48,698,47,698,46,698,45,698,44,698,44,698,45,698,46,697,46,696,46,696,47,696,47,695
1,4,694,9,94,694,94,693,94,692,94,691,94,691,95,691,95,691,95,692,95,693,95,694,95,695,95,696,95,697,95,698,95,698,94,698,94,698,94,697,94,696,94,695
1,4,694,9,182,694,182,693,182,692,182,691,182,691,183,691,183,691,183,692,183,693,183,694,183,695,183,696,183,697,183,698,183,698,182,698,182,698,182,697,182,696,182,695
1,4,694,9,277,694,277,693,277,692,277,691,277,691,278,691,278,691,278,692,278,693,278,694,278,695,278,696,278,697,278,698,278,698,277,698,277,698,277,697,277,696,277,695
1,4,695,9,299,695,300,694,300,693,299,692,299,691,300,691,301,691,301,691,300,692,300,693,300,694,300,695,300,696,300,697,301,697,301,697,301,698,301,698,300,698,299,698,299,697,299,696
1,4,694,9,319,694,319,693,319,693,320,693,320,692,320,692,321,692,321,691,321,691,322,691,323,691,324,691,325,691,326,691,327,691,328,691,329,691,330,691,331,691,331,692,331,693,331,694,331,695,331,695,330,695,330,696,330,696,329,696,329,697,329,698,328,698,327,698,326,698,325,698,324,698,323,698,322,698,321,698,320,698,319,698,318,698,318,698,319,698,319,697,319,696,319,695
1,4,695,9,360,695,360,694,360,693,360,692,360,691,361,691,361,692,361,693,361,694,361,695,361,696,361,697,361,698,360,698,360,697,360,696
1,4,694,9,403,694,403,693,403,692,403,691,403,691,404,691,404,691,404,692,404,693,404,694,404,695,404,696,404,697,404,698,404,698,403,698,403,698,403,697,403,696,403,695
1,4,695,9,446,695,446,694,446,693,446,692,446,691,447,691,447,692,447,693,447,694,447,695,447,696,447,697,447,698,446,698,446,697,446,696
1,4,695,9,478,695,478,694,478,693,478,692,478,691,479,691,479,692,478,693,478,694,478,695,478,696,479,697,479,698,478,698,478,697,478,696
1,4,694,9,500,694,500,693,500,692,500,691,500,691,501,691,501,691,501,692,501,693,501,694,501,695,501,696,501,697,501,698,501,698,500,698,500,698,500,697,500,696,500,695
1,4,694,9,556,694,556,693,555,692,555,691,556,691,557,691,557,691,557,692,557,693,557,694,557,695,557,696,557,697,557,698,557,698,556,698,556,698,556,697,556,696,556,695
1,4,694,9,600,694,600,693,600,692,600,691,600,691,601,691,601,691,601,692,601,693,601,694,601,695,601,696,601,697,601,698,601,698,600,698,600,698,600,697,600,696,600,695
1,4,694,9,622,694,622,693,622,692,622,691,622,691,623,691,623,691,623,692,623,693,623,694,623,695,623,696,623,697,623,698,623,698,622,698,621,698,621,698,622,698,622,697,622,696,622,695
1,4,694,9,667,694,668,693,669,692,670,691,671,691,672,691,673,691,674,691,675,691,676,691,677,691,678,691,679,691,679,692,679,693,679,694,679,695,679,695,678,695,678,696,678,697,678,698,678,698,677,698,676,698,675,698,675,698,675,697,675,696,676,696,677,696,677,695,677,695,678,695,678,694,678,693,678,692,677,692,676,692,675,692,674,692,673,692,672,693,671,693,670,693,670,694,670,694,669,694,669,695,669,696,669,697,669,698,668,698,667,698,667,698,667,697,667,696,667,695
1,4,694,9,723,694,723,693,723,692,723,691,723,691,724,691,724,691,723,692,723,693,723,694,723,695,723,696,723,697,724,697,724,697,724,698,724,698,723,698,723,698,723,697,723,696,723,695
1,4,694,9,745,694,745,693,745,692,745,691,745,691,746,691,746,691,746,692,746,693,746,694,746,695,746,696,746,697,746,698,746,698,745,698,745,698,745,697,745,696,745,695
1,4,694,9,866,694,866,693,866,692,866,691,865,691,865,691,866,691,867,691,867,691,867,692,867,693,867,694,867,694,866,694,866,695,866,696,866,697,867,697,867,697,867,698,867,698,866,698,866,698,866,697,866,696,866,695
1,4,694,9,956,694,956,694,956,695,957,695,957,695,957,696,958,697,958,697,957,697,956,697,955,697,955,697,955,696,955,696,956,696,956,695
1,4,693,9,979,693,979,692,979,691,979,690,979,690,980,690,980,690,980,691,980,692,980,693,980,694,980,695,980,696,980,697,980,697,979,697,979,697,979,696,979,695,979,694
1,6,704,9,13,704,13,703,13,702,13,701,13,700,14,700,15,700,16,700,16,701,16,702,16,703,16,704,16,705,16,706,16,707,15,707,14,707,14,707,14,706,13,706,13,706,13,705
1,6,704,9,23,704,23,703,23,702,23,701,23,700,24,700,24,701,24,702,24,703,24,704,24,705,24,706,24,707,23,707,23,706,23,705
1,6,703,9,42,703,43,702,44,701,44,700,44,700,45,700,46,700,47,700,48,700,49,700,50,700,50,700,49,700,49,701,49,701,48,701,48,702,48,702,47,702,47,703,47,703,46,703,46,704,46,704,45,704,45,705,45,706,45,707,45,707,44,707,43,707,42,707,41,707,40,707,39,707,38,707,37,707,36,707,35,707,35,707,36,707,37,707,38,707,39,706,40,705,41,704
1,6,703,9,94,703,94,702,94,701,94,700,94,700,95,700,95,700,95,701,95,702,95,703,95,704,95,705,95,706,95,707,95,707,94,707,94,707,94,706,94,705,94,704
1,6,703,9,182,703,182,702,182,701,182,700,182,700,183,700,183,700,183,701,183,702,183,703,183,704,183,705,183,706,183,707,183,707,182,707,182,707,182,706,182,705,182,704
1,6,703,9,257,703,257,702,257,701,257,700,257,700,258,700,259,700,260,700,260,700,260,701,260,702,260,703,261,703,261,703,261,704,262,705,263,706,264,706,264,706,264,707,265,707,266,707,266,707,265,707,264,707,263,707,262,707,261,707,260,707,259,707,258,707,257,707,257,707,257,706,257,705,257,704
1,6,703,9,277,703,277,702,277,701,277,700,277,700,278,700,278,700,278,701,278,702,278,703,278,704,278,705,278,706,278,707,278,707,277,707,277,707,277,706,277,705,277,704
1,6,704,9,299,704,299,703,299,702,299,701,299,700,300,700,301,700,301,700,300,701,300,702,300,703,300,704,300,705,300,706,300,707,299,707,299,706,299,705
1,6,703,9,354,703,355,703,356,703,357,703,358,703,359,703,360,703,360,702,360,701,360,700,360,700,361,700,361,700,361,701,361,702,361,703,361,704,361,705,361,706,361,707,361,707,360,707,359,707,358,707,357,707,356,707,355,707,354,707,353,707,352,707,351,707,350,707,349,707,349,707,350,707,350,706,350,705,351,705,352,705,352,704,352,704,353,704
1,6,703,9,403,703,403,702,403,701,403,700,403,700,404,700,404,700,404,701,404,702,404,703,404,704,404,705,404,706,404,707,404,707,403,707,403,707,403,706,403,705,403,704
1,6,704,9,446,704,446,703,446,702,446,701,446,700,447,700,447,701,447,702,447,703,447,704,447,705,447,706,447,707,446,707,446,706,446,705
1,6,704,9,478,704,478,703,478,702,478,701,478,700,479,700,479,700,478,700,478,701,478,702,478,703,478,704,478,705,479,706,479,707,478,707,478,706,478,705
1,6,703,9,500,703,500,702,500,701,500,700,500,700,501,700,501,700,501,701,501,702,500,703,500,704,501,704,501,704,501,705,501,706,501,707,501,707,500,707,499,707,498,707,497,707,496,707,495,707,494,707,493,707,492,707,491,707,491,707,492,707,493,707,494,707,495,707,496,707,497,707,498,707,499,707,500,707,500,706,500,705,500,704
1,6,704,9,548,705,548,704,548,704,549,704,550,703,551,703,552,703,553,703,554,703,555,703,556,703,556,702,556,702,557,702,557,702,556,703,556,704,557,705,557,706,557,707,557,708,557,709,557,709,556,709,555,709,554,709,553,709,552,709,551,709,550,709,549,709,548,709,547,709,546,709,545,709,544,709,544,709,544,708,544,707,545,707,546,707,546,706,546,706,547,706,547,705,547,705
1,6,703,9,600,703,600,702,600,701,600,700,600,700,601,700,601,700,601,701,601,702,601,703,601,704,601,705,601,706,601,707,601,707,600,707,600,707,600,706,600,705,600,704
1,6,703,9,611,703,612,702,613,701,613,700,613,700,614,700,615,700,616,700,617,700,618,700,619,700,619,701,618,701,617,701,616,702,615,702,614,702,614,703,614,703,613,703,613,704,613,705,613,706,613,707,612,707,611,707,611,707,611,706,611,705,611,704
1,6,703,9,622,703,622,702,621,701,621,700,622,700,623,700,623,700,623,701,623,702,623,703,623,704,623,705,623,705,622,705,622,706,622,707,621,707,620,707,619,707,619,706,619,705,619,705,620,705,621,704
1,6,703,9,667,703,667,702,667,701,667,700,667,700,668,700,668,700,668,701,668,702,668,703,668,704,668,705,668,706,668,707,668,707,667,707,667,707,667,706,667,705,667,704
1,6,703,9,723,703,723,702,723,701,723,700,723,700,724,700,724,700,723,701,723,702,723,703,723,704,723,705,723,706,723,707,723,707,723,706,723,705,723,704
1,6,703,9,745,703,745,702,745,701,745,700,745,700,746,700,746,700,746,701,746,702,746,703,746,704,746,705,746,706,746,707,746,707,745,707,745,707,745,706,745,705,745,704
1,6,703,9,866,703,866,702,866,701,866,700,866,700,867,700,867,700,866,701,866,702,867,702,867,702,867,703,867,704,867,705,867,706,867,707,867,707,866,707,865,707,865,706,865,705,865,705,866,705,866,704
1,6,703,9,955,703,955,702,955,701,955,700,955,699,956,699,957,699,958,699,958,700,958,701,959,702,960,703,961,704,962,705,963,706,964,706,964,706,963,706,962,706,961,706,960,706,959,706,958,706,957,706,956,706,955,706,955,705,955,704
1,6,702,9,979,702,979,701,979,700,979,699,979,699,980,699,980,699,980,700,980,701,980,702,980,703,980,704,980,705,980,706,980,706,979,706,979,706,979,705,979,704,979,703
1,8,713,9,16,713,16,712,15,711,15,710,15,709,15,709,16,709,16,709,16,710,17,710,17,710,17,711,18,712,18,713,18,714,18,715,18,716,18,716,18,715,18,714,17,714,17,714,17,713,16,713
1,8,713,9,23,713,23,712,23,711,23,710,23,709,24,709,24,710,24,711,24,712,24,713,24,714,24,715,24,716,23,716,23,715,23,714
1,8,712,9,94,712,94,711,94,710,94,709,94,709,95,709,95,709,95,710,95,711,95,712,95,713,95,714,95,715,95,716,95,716,94,716,93,716,93,716,94,716,94,715,94,714,94,713
1,8,712,9,175,712,176,712,177,712,178,712,179,712,180,712,181,712,181,711,181,711,182,711,182,710,182,709,183,709,183,710,183,711,183,712,183,713,183,714,183,715,183,716,182,716,181,716,180,716,179,716,178,716,177,716,176,716,175,716,174,716,173,716,172,716,171,716,171,716,171,715,171,715,172,715,172,714,172,714,173,714,174,713
1,8,712,9,189,712,189,711,189,711,190,711,190,711,190,712,190,713,189,714,189,714,189,713
1,8,712,9,257,712,257,711,257,710,257,709,257,709,258,709,259,709,260,709,261,709,262,709,263,709,264,709,265,709,266,709,266,709,266,710,266,711,266,712,266,713,266,714,266,715,266,716,266,716,265,716,264,716,263,716,262,716,261,716,260,716,259,716,258,716,257,716,257,716,257,715,257,714,257,713
1,8,712,9,277,712,277,711,277,710,277,709,277,709,278,709,278,709,278,710,278,711,278,712,278,713,278,714,278,715,278,716,278,716,277,716,277,716,277,715,277,714,277,713
1,8,712,9,299,712,299,711,299,710,299,709,299,709,300,709,300,709,300,710,300,711,300,712,300,713,300,714,300,715,300,716,300,716,299,716,299,716,299,715,299,714,299,713
1,8,712,9,350,712,350,711,349,710,349,709,350,709,351,709,352,709,353,709,354,709,355,709,356,709,357,709,358,709,359,709,360,709,361,709,361,709,360,710,359,710,358,710,358,711,358,711,357,711,356,712,355,712,354,712,353,712,352,712,351,712,350,712
1,8,712,9,403,712,403,711,403,710,403,709,403,709,404,709,404,709,404,710,404,711,404,712,404,713,404,714,404,715,404,716,404,716,403,716,402,716,401,716,400,716,399,716,398,716,397,716,396,716,395,716,394,716,394,716,395,716,396,716,397,716,398,716,399,716,400,716,401,716,402,716,403,716,403,715,403,714,403,713
1,8,713,9,438,713,439,713,440,713,441,712,442,712,443,712,444,712,445,712,446,711,446,710,446,709,447,709,447,710,447,711,447,712,447,713,447,714,447,715,447,716,446,716,445,716,444,716,443,716,442,716,441,716,440,716,439,716,438,716,437,716,436,716,435,716,435,716,436,715,437,714
1,8,713,9,478,713,478,712,478,711,478,710,478,709,479,709,479,709,478,709,478,710,478,711,478,712,478,713,478,714,478,715,478,716,478,716,478,715,478,714
1,8,712,9,489,712,490,711,491,710,491,709,491,709,492,709,493,709,494,709,495,709,496,709,497,709,498,709,499,709,500,709,501,709,501,709,500,709,500,710,501,711,501,712,501,713,501,713,500,713,500,714,500,715,500,716,500,716,499,716,498,716,497,716,496,716,496,715,497,714,498,714,499,714,499,713,499,713,500,713,500,712,499,711,498,710,497,710,496,710,495,710,494,711,493,711,492,711,492,712,492,712,491,712,491,713,491,713,490,713,490,714,490,715,490,716,490,716,489,716,489,716,489,715,489,714,489,713
1,8,711,9,546,712,546,711,545,711,545,711,545,710,544,710,544,710,544,709,544,709,545,709,546,709,547,709,548,709,549,709,550,709,551,709,552,709,553,709,554,709,555,709,556,709,557,709,557,709,556,709,555,709,555,710,555,710,554,710,554,711,554,711,553,711,553,712,553,712,552,712,551,712,550,712,549,712,548,712,547,712,546,712
1,8,712,9,600,712,600,711,600,710,600,709,600,709,601,709,601,709,601,710,601,711,601,712,601,713,601,714,601,715,601,716,601,716,600,716,600,716,600,715,600,714,600,713
1,8,712,9,667,712,667,711,667,710,667,709,667,709,668,709,668,709,668,710,668,711,668,712,668,713,668,714,668,715,668,716,668,716,667,716,666,716,666,715,667,714,667,713
1,8,712,9,723,712,723,711,723,710,723,709,723,709,723,710,723,711,723,712,723,713,723,714,723,715,723,716,723,716,723,715,723,714,723,713
1,8,712,9,745,712,745,711,745,710,745,709,745,709,746,709,746,709,746,710,746,711,746,712,746,713,746,714,746,715,746,716,746,716,745,716,744,716,744,716,745,716,745,715,745,714,745,713
1,8,712,9,859,712,860,712,861,712,862,712,863,712,864,712,865,712,865,711,865,711,866,711,866,710,866,709,867,709,867,710,867,711,867,712,867,713,867,714,867,715,867,716,866,716,865,716,864,716,863,716,862,716,861,716,860,716,859,716,858,716,857,716,856,716,855,716,855,716,855,715,855,715,856,715,856,714,856,714,857,714,857,713,857,713,858,713
1,8,712,9,872,712,872,711,872,711,873,711,874,711,874,712,874,713,874,713,873,713,872,713
1,8,712,9,955,712,955,711,955,710,955,709,955,708,956,708,957,708,958,708,959,708,960,708,961,708,962,708,963,708,964,708,964,709,964,710,964,711,964,712,965,712,965,712,965,713,965,714,965,715,965,715,964,715,963,715,963,715,964,715,964,714,963,713,963,712,963,711,962,710,961,709,960,708,959,708,958,708,957,708,956,709,956,710,956,711,956,712,956,713,956,714,956,715,955,715,955,714,955,713
1,8,711,9,979,711,979,710,979,709,979,708,979,708,980,708,980,708,980,709,980,710,980,711,980,712,980,713,980,714,980,715,980,715,979,715,979,715,979,714,979,713,979,712
