1,1,271,9,16,271,16,270,16,269,16,268,16,268,17,268,18,268,19,268,20,268,20,269,20,270,20,271,20,272,20,273,20,274,20,275,19,275,18,275,17,275,16,275,15,275,15,274,15,273,15,273,16,273,16,272
1,1,271,9,25,271,25,270,25,269,25,268,25,268,26,268,26,268,26,269,26,270,26,271,26,272,26,273,26,274,26,275,26,275,25,275,25,275,25,274,25,273,25,272
1,1,271,9,39,271,39,270,39,270,40,270,41,270,42,270,43,270,43,271,43,272,43,273,42,273,41,273,41,274,41,274,40,274,40,275,40,275,39,275,38,275,38,274,39,273,39,272
1,1,271,9,45,271,45,270,45,270,46,270,47,270,48,270,49,270,50,271,50,272,50,273,51,274,52,275,52,275,51,275,50,275,49,275,48,275,47,274,46,273,45,273,45,273,45,272
1,1,272,9,81,272,81,271,81,270,81,270,81,271,82,271,83,271,84,271,85,271,86,271,87,271,87,272,87,273,87,274,86,275,85,275,84,275,83,275,82,275,81,275,80,275,80,275,80,274,80,274,81,274,81,273
1,1,272,9,318,272,318,271,318,270,319,269,319,268,319,268,319,269,319,270,320,270,320,270,320,271,320,272,320,273,320,273,319,273,319,274,319,275,319,275,319,274,318,273
1,1,272,9,535,272,535,271,535,270,535,269,535,268,535,268,535,269,536,270,536,271,536,272,536,273,535,274,535,275,535,275,535,274,535,273
1,1,272,9,557,272,557,271,557,271,558,271,558,271,558,272,558,273,558,274,559,275,559,275,558,275,557,275,557,274,557,273
1,1,272,9,636,272,636,271,636,271,637,271,637,271,637,272,637,273,637,274,637,275,636,275,636,274,636,273
1,1,272,9,663,272,663,271,663,271,664,271,664,271,664,272,664,273,664,274,664,275,663,275,663,274,663,273
1,1,272,9,758,272,758,271,758,270,758,269,758,268,759,268,759,269,759,270,759,271,759,272,759,273,759,274,759,275,758,275,758,274,758,273
1,1,272,9,780,272,780,271,780,271,781,271,781,271,781,272,781,273,781,274,781,275,780,275,780,274,780,273
1,1,272,9,882,272,882,271,882,270,883,269,883,268,883,268,883,269,883,270,884,270,884,270,884,271,884,272,884,273,884,273,883,273,883,274,883,275,883,275,883,274,882,273
1,1,272,9,908,272,908,271,908,270,908,269,908,268,909,268,909,269,909,270,909,271,909,272,909,273,909,274,909,275,908,275,908,274,908,273
1,1,271,9,933,271,933,270,933,269,933,268,933,268,934,268,935,268,935,268,934,268,934,269,934,270,934,271,934,272,934,273,934,274,934,275,934,275,933,275,933,275,933,274,933,273,933,272
1,1,271,9,941,271,941,270,941,269,941,268,940,268,939,268,938,268,937,268,937,268,938,268,939,268,940,268,941,268,942,268,943,268,944,268,945,268,946,268,947,268,948,268,949,268,950,268,951,268,952,268,953,268,954,268,955,268,956,268,957,268,958,268,959,268,960,268,961,268,962,268,962,268,962,269,963,269,963,269,963,270,963,271,963,272,963,273,963,274,963,275,962,275,962,274,962,273,961,273,960,273,959,273,959,273,959,272,958,272,957,272,956,272,955,272,954,272,953,272,952,271,951,271,950,271,949,271,948,271,947,271,946,271,945,271,944,271,943,271,942,271,941,271
1,1,271,9,981,271,981,270,981,269,981,268,981,268,982,268,982,268,982,269,982,270,982,271,982,272,982,273,982,274,982,275,982,275,981,275,981,275,981,274,981,273,981,272
1,3,281,9,15,281,15,280,15,279,15,278,15,278,16,278,17,278,18,278,19,278,19,279,19,280,19,281,19,282,19,283,19,284,19,285,18,285,17,285,16,285,15,285,14,285,14,285,15,285,15,284,15,283,15,282
1,3,281,9,25,281,25,280,25,279,25,278,25,278,26,278,26,278,26,279,26,280,26,281,26,282,26,283,26,284,26,285,26,285,25,285,25,285,25,284,25,283,25,282
1,3,281,9,36,281,36,280,36,279,36,278,36,278,37,278,37,277,37,277,38,277,39,277,40,277,41,277,42,278,43,278,43,278,43,279,44,279,44,279,44,280,44,281,44,282,44,283,43,284,42,284,41,284,40,284,39,284,38,284,37,283,36,282
1,3,281,9,49,281,49,280,49,279,49,278,49,277,50,277,51,277,52,277,53,277,53,277,53,278,54,278,55,277,56,277,57,277,58,277,59,277,59,277,58,278,57,278,56,278,55,278,54,278,54,279,55,280,56,280,57,280,58,280,58,280,58,281,58,282,58,283,59,283,59,283,59,284,59,284,58,284,57,284,56,284,55,284,54,284,53,284,52,284,51,284,50,284,49,284,49,283,49,282
1,3,281,9,75,281,75,280,75,280,76,280,77,279,78,278,79,277,80,277,81,277,82,277,83,277,84,277,85,277,86,277,86,278,86,279,87,279,87,279,87,280,87,281,87,282,87,283,87,284,88,284,89,284,89,284,88,284,87,284,86,284,85,284,84,284,83,284,82,284,81,284,80,284,79,284,78,284,77,284,76,284,75,284,74,284,74,284,74,283,74,283,75,283,75,282
1,3,281,9,318,281,318,280,318,279,319,278,319,277,319,277,319,278,319,279,320,279,320,279,320,280,320,281,320,282,320,282,319,282,319,283,319,284,319,284,319,283,318,282
1,3,282,9,535,282,535,281,534,281,534,282
1,3,282,9,536,282,536,281,535,281,535,282
1,3,282,9,556,282,556,281,556,280,557,279,557,278,557,278,558,278,559,278,560,278,560,278,560,279,561,280,562,281,563,281,564,281,564,282,564,283,564,284,564,285,564,285,563,285,562,285,561,285,560,285,559,284,558,284,558,285,558,285,557,285,557,285,557,284,556,283
1,3,281,9,577,281,577,280,577,279,577,278,577,278,578,278,579,278,580,278,580,278,580,279,581,279,581,279,581,280,582,280,583,280,583,281,583,282,583,283,583,284,583,285,582,285,581,285,580,285,579,285,578,285,577,285,576,285,576,285,577,285,577,284,577,283,577,282
1,3,281,9,635,281,635,280,635,280,636,280,636,279,636,278,637,278,638,278,638,278,638,279,639,279,639,279,639,280,640,281,641,281,642,281,642,282,642,283,642,284,642,285,643,285,643,285,642,285,641,285,640,285,639,285,639,285,639,284,638,284,637,284,636,284,636,285,636,285,636,284,636,283,635,283,635,283,635,282
1,3,281,9,662,281,662,280,662,280,663,280,663,279,663,278,664,278,664,279,664,280,664,281,664,282,664,283,664,284,664,285,663,285,662,285,662,285,663,284,663,283,662,283,662,283,662,282
1,3,282,9,758,282,758,281,758,280,758,279,758,278,759,278,759,279,759,280,759,281,759,282,759,283,759,284,759,285,758,285,758,284,758,283
1,3,282,9,780,282,780,281,780,280,780,279,780,278,781,278,781,279,781,280,781,281,781,282,781,283,781,284,781,285,780,285,780,284,780,283
1,3,281,9,873,281,874,281,875,281,876,281,877,281,878,281,879,281,880,281,881,281,881,280,881,280,882,280,883,279,883,278,883,278,883,279,883,280,883,281,883,282,883,283,883,284,884,284,884,284,884,285,884,285,883,285,882,285,881,285,880,285,879,285,878,285,877,285,876,285,875,285,874,285,873,285,872,285,872,284,873,283,873,282
1,3,281,9,908,281,908,280,908,279,908,278,908,278,909,278,909,278,909,279,909,280,909,281,909,282,909,283,909,284,909,285,909,285,908,285,908,285,908,284,908,283,908,282
1,3,281,9,933,281,933,280,933,279,933,278,933,277,934,277,934,278,934,279,934,280,934,281,934,282,934,283,934,284,933,284,933,283,933,282
1,3,281,9,962,281,962,280,962,279,962,278,962,277,963,277,963,278,963,279,963,280,963,281,963,282,963,283,963,284,962,284,962,283,962,282
1,3,281,9,981,281,981,280,981,279,981,278,981,277,982,277,982,278,982,279,982,280,982,281,982,282,982,283,982,284,981,284,981,283,981,282
1,5,290,9,14,290,14,289,14,288,14,287,14,287,15,287,16,287,17,287,18,287,19,287,19,287,18,288,18,289,18,290,18,291,18,291,17,291,17,292,17,293,17,294,17,294,16,294,15,294,15,293,15,292,14,292,14,292,14,291
1,5,290,9,25,290,25,289,25,288,25,287,25,287,26,287,26,287,26,288,26,289,26,290,26,291,26,292,26,293,26,294,26,294,25,294,25,294,25,293,25,292,25,291
1,5,290,9,46,290,46,289,46,289,47,289,48,288,48,287,48,287,49,287,49,286,49,286,50,286,51,286,52,286,53,286,54,286,55,286,56,286,57,286,58,286,59,286,59,286,58,286,58,287,58,287,57,287,56,287,55,286,54,286,53,287,53,288,53,289,53,290,53,290,52,290,51,291,51,292,51,292,50,292,50,293,50,293,49,293,48,293,47,293,46,293,45,293,45,293,45,292,45,292,46,292,46,291
1,5,290,9,80,290,80,289,80,288,80,287,80,286,81,286,82,286,83,286,84,286,85,286,86,286,87,286,88,286,88,286,88,287,89,288,89,289,89,290,89,290,88,290,87,291,87,292,87,292,86,292,86,293,86,293,85,293,84,293,83,293,82,293,81,293,80,293,79,293,79,293,80,292,80,291
1,5,290,9,318,290,318,289,318,288,318,287,318,286,319,286,319,287,319,288,319,289,319,290,319,291,319,292,319,293,318,293,318,292,318,291
1,5,291,9,534,291,534,290,534,289,535,288,535,287,535,287,535,288,535,289,536,289,536,289,536,290,536,291,536,292,536,292,535,292,535,293,535,294,534,294,534,293,534,292
1,5,291,9,557,291,557,290,557,289,557,288,557,287,557,287,557,288,558,289,558,290,558,291,558,292,557,293,557,294,557,294,557,293,557,292
1,5,290,9,564,290,564,289,564,288,564,287,563,287,563,287,564,287,565,287,565,287,565,288,566,288,566,288,566,289,566,290,566,291,566,292,566,293,566,294,565,294,565,293,565,292,564,291
1,5,290,9,575,290,575,289,575,288,575,287,575,287,576,287,577,287,578,287,579,287,580,287,581,287,582,287,582,287,581,288,581,289,581,290,581,291,581,291,580,291,580,292,581,293,581,294,580,294,579,294,578,294,578,293,578,292,577,292,577,292,577,291,576,291,575,291
1,5,290,9,635,290,635,289,635,288,636,287,636,287,636,288,636,289,636,290,636,291,636,292,636,293,636,294,636,294,635,294,635,294,635,293,635,292,635,291
1,5,290,9,641,290,642,289,642,288,641,287,641,287,642,287,643,287,644,287,644,287,644,288,645,289,645,290,645,291,645,292,645,293,646,293,647,293,648,294,648,294,647,294,646,294,645,294,644,294,643,294,643,294,643,293,642,293,641,294,640,294,640,293,641,292,641,291
1,5,290,9,662,290,662,289,662,288,662,287,662,287,663,287,663,287,663,288,664,289,664,290,664,291,664,292,664,293,664,294,663,294,662,294,662,294,662,293,662,292,662,291
1,5,290,9,758,290,758,289,758,288,758,287,758,287,759,287,759,287,759,288,759,289,759,290,759,291,759,292,759,293,759,294,759,294,758,294,758,294,758,293,758,292,758,291
1,5,290,9,780,290,780,289,780,288,780,287,780,287,781,287,781,287,781,288,781,289,781,290,781,291,781,292,781,293,781,294,781,294,780,294,780,294,780,293,780,292,780,291
1,5,290,9,871,290,871,289,871,288,871,287,871,287,872,287,873,287,874,287,875,287,876,287,877,287,878,287,879,287,880,287,881,287,882,287,883,287,883,287,882,287,882,288,882,289,882,290,882,290,881,290,880,290,879,290,878,290,877,290,876,290,875,290,874,290,873,290,872,290,871,290
1,5,290,9,908,290,908,289,908,288,908,287,908,286,909,286,909,287,909,288,909,289,909,290,909,291,909,292,909,293,908,293,908,292,908,291
1,5,290,9,924,290,924,289,924,289,925,289,926,289,927,289,928,289,929,289,930,289,931,289,932,289,933,289,933,288,933,287,933,286,933,286,934,286,934,286,934,287,934,288,934,289,934,290,934,291,934,292,934,293,934,293,933,293,932,293,931,293,930,293,929,293,928,293,927,293,926,293,925,293,924,293,923,293,923,293,924,292,924,291
1,5,290,9,962,290,962,289,962,288,962,287,962,286,963,286,963,287,963,288,963,289,963,290,963,291,963,292,963,293,962,293,962,292,962,291
1,5,290,9,981,290,981,289,981,288,981,287,981,286,982,286,982,287,982,288,982,289,982,290,982,291,982,292,982,293,981,293,981,292,981,291
1,7,299,9,16,299,16,298,15,297,15,296,16,296,17,296,17,296,17,297,18,297,18,297,18,298,18,299,18,300,19,300,19,300,19,301,20,302,20,303,19,303,18,303,18,303,18,302,17,302,17,302,17,301,17,300,17,299,16,299
1,7,299,9,25,299,25,298,25,297,25,296,25,296,26,296,26,296,26,297,26,298,26,299,26,300,26,301,26,302,26,303,26,303,25,303,25,303,25,302,25,301,25,300
1,7,299,9,38,299,38,298,38,298,39,298,40,298,41,298,41,297,41,297,42,297,42,296,42,296,43,296,43,295,43,295,44,295,45,295,46,295,47,295,48,295,48,295,47,296,47,297,47,298,47,299,47,299,46,299,45,299,44,299,43,299,42,299,42,300,42,300,41,300,40,301,39,301,38,301,38,301,38,300
1,7,299,9,75,299,75,298,75,298,76,298,77,297,78,296,78,295,78,295,79,295,80,295,81,295,82,295,83,295,84,295,85,295,86,295,86,296,86,297,86,298,86,299,86,300,86,301,87,301,87,301,87,302,88,302,89,302,89,302,88,302,87,302,86,302,85,302,84,302,83,302,82,302,81,302,80,302,79,302,78,302,77,302,76,302,75,302,74,302,74,302,74,301,74,301,75,301,75,300
1,7,299,9,110,299,110,298,110,298,111,298,112,298,113,298,114,298,114,299,114,300,114,301,113,302,112,302,111,302,110,302,109,302,109,302,109,301,109,301,110,301,110,300
1,7,299,9,118,299,118,298,118,298,119,298,120,298,121,298,122,298,122,299,122,300,123,301,123,302,122,302,121,302,120,302,119,302,118,302,118,301,118,300
1,7,298,9,164,298,164,297,164,296,165,296,166,296,167,296,168,296,169,296,170,296,171,296,172,296,173,296,174,296,175,296,176,296,177,296,178,296,179,296,180,296,180,295,180,295,181,295,182,295,183,295,184,295,185,295,186,295,187,295,188,295,189,295,190,295,191,295,192,295,193,295,194,295,195,295,196,295,197,295,198,295,199,295,200,295,201,295,202,295,203,295,204,295,205,295,206,295,207,295,208,295,209,295,210,295,211,295,212,295,213,295,214,295,215,295,216,295,217,295,218,295,219,295,220,295,221,295,222,295,223,295,224,295,225,295,226,295,227,295,228,295,229,295,230,295,231,295,232,295,233,295,234,295,235,295,236,295,237,295,238,295,239,295,240,295,241,295,242,295,243,295,244,295,245,295,246,295,247,295,248,295,249,295,250,295,251,295,252,295,253,295,254,295,255,295,256,295,257,295,258,295,259,295,260,295,261,295,262,295,263,295,264,295,265,295,266,295,267,296,268,296,269,296,270,296,271,296,272,296,273,296,274,296,275,296,276,296,277,296,277,297,277,298,277,299,276,299,275,299,274,299,273,299,272,299,271,299,270,299,269,299,268,299,267,299,266,299,265,299,264,299,263,299,262,299,261,299,260,299,259,299,258,299,257,299,256,299,255,299,254,299,253,299,252,299,251,299,250,299,249,299,248,299,247,299,246,299,245,299,244,299,243,299,242,299,241,299,240,299,239,299,238,299,237,299,236,299,235,299,234,299,233,299,232,299,231,299,230,299,229,299,228,299,227,299,226,299,225,299,224,299,223,299,222,299,221,299,220,299,219,299,218,299,217,299,216,299,215,299,214,299,213,299,212,299,211,299,210,299,209,299,208,299,207,299,206,299,205,299,204,299,203,299,202,299,201,299,200,299,199,299,198,299,197,299,196,299,195,299,194,299,193,299,192,299,191,299,190,299,189,299,188,299,187,299,186,299,185,299,184,299,183,299,182,299,181,299,180,299,179,299,178,299,177,299,176,299,175,299,174,299,173,299,172,299,171,299,170,299,169,299,168,299,167,299,166,299,165,299,164,299
1,7,299,9,306,299,306,298,306,298,307,298,308,298,309,298,310,298,311,298,312,298,313,298,314,298,315,298,315,298,315,299,315,300,315,301,316,301,317,301,318,301,318,300,318,299,318,298,318,297,318,296,318,296,319,296,319,296,319,297,319,298,319,299,319,300,319,301,320,302,321,302,322,302,322,303,321,303,320,303,319,303,318,303,318,303,318,302,317,302,316,302,315,302,314,302,313,301,312,301,311,301,310,301,309,301,308,301,307,301,306,301,306,301,306,300
1,7,299,9,331,299,331,298,331,298,332,298,333,298,334,298,335,298,335,299,335,300,335,301,334,302,333,302,332,302,331,302,330,302,330,302,330,301,330,301,331,301,331,300
1,7,299,9,339,299,339,298,339,298,340,298,341,298,342,298,343,298,343,299,343,300,343,301,343,302,344,302,344,302,343,302,342,302,341,302,340,302,339,302,339,301,339,300
1,7,299,9,534,299,534,298,534,297,534,296,534,296,535,296,535,296,535,297,535,298,535,299,535,300,535,301,535,302,535,303,535,303,534,303,534,303,534,302,534,301,534,300
1,7,299,9,547,299,548,299,549,299,550,299,551,299,552,299,553,299,554,299,555,299,555,298,555,298,556,298,557,297,557,296,557,296,557,297,557,298,558,298,558,298,558,299,558,300,558,301,558,302,558,303,558,303,557,303,556,303,555,303,554,303,553,303,552,303,551,303,550,303,549,303,548,303,547,303,546,303,546,303,547,303,547,302,547,301,547,300
1,7,299,9,563,299,563,298,563,298,564,298,564,297,564,297,565,297,565,296,565,296,566,296,566,296,566,297,566,298,566,299,566,299,565,299,565,300,565,300,564,300,564,301,564,301,563,301,563,301,563,300
1,7,299,9,573,299,573,298,573,297,574,296,575,296,576,296,577,296,578,296,579,296,580,296,581,296,582,296,582,296,582,297,582,298,582,299,582,299,581,299,580,299,579,299,578,300,578,301,578,302,578,303,578,303,577,303,576,303,575,303,575,303,575,302,574,302,574,302,574,301,573,301,573,301,573,300
1,7,299,9,626,299,627,299,628,299,629,299,630,299,631,299,632,299,633,299,634,299,635,298,635,297,635,296,636,296,636,297,636,298,636,299,636,300,636,301,636,302,636,303,635,303,634,303,633,303,632,303,631,303,630,303,629,303,628,303,627,303,626,303,625,303,625,302,626,301,626,300
1,7,299,9,642,299,642,298,642,298,643,298,643,297,643,296,644,296,644,297,644,298,644,299,643,300,642,301,642,301,642,300
1,7,299,9,654,299,655,299,656,299,657,299,657,300,657,301,657,302,656,303,655,303,654,303,653,303,652,303,652,303,653,302,654,301,654,300
1,7,299,9,662,299,662,298,662,297,662,296,662,296,663,296,663,296,663,297,664,298,664,299,664,300,664,301,664,302,664,303,663,303,662,303,662,303,662,302,662,301,662,300
1,7,299,9,663,299,663,298,662,298,662,299
1,7,299,9,672,299,672,299,672,300,672,301,672,302,672,302,671,302,670,303,669,303,668,303,668,303,669,302,670,302,671,302,671,301,671,301,672,301,672,300
1,7,298,9,690,298,690,297,690,296,691,296,692,296,693,296,694,296,695,296,696,296,697,296,698,296,699,295,700,295,701,295,702,295,703,295,704,295,705,295,706,295,707,295,707,295,707,296,707,297,707,298,708,299,709,299,710,298,710,297,710,296,710,295,710,295,711,295,712,295,713,295,714,295,715,295,716,295,717,295,718,295,719,295,720,295,721,295,722,295,723,295,724,295,725,295,726,295,727,295,728,295,729,295,730,295,731,295,732,295,733,295,734,295,735,296,736,296,737,296,738,296,739,296,740,296,741,296,742,296,743,296,744,297,745,297,746,297,747,297,747,297,747,298,747,299,747,300,747,300,746,300,745,300,744,300,744,300,744,299,743,299,742,300,741,300,740,299,739,299,738,299,737,299,736,300,735,300,734,300,734,300,734,299,733,299,732,299,731,299,731,300,731,300,730,300,729,300,728,300,727,300,726,300,725,300,724,300,723,300,722,299,721,299,720,299,719,299,718,299,717,299,716,299,715,299,714,299,713,299,712,299,711,299,710,299,709,299,708,299,707,299,706,299,705,299,704,299,703,299,702,299,701,299,700,299,699,299,698,299,697,299,696,299,695,299,694,299,693,299,692,299,691,299,690,299
1,7,299,9,757,299,757,298,757,298,758,298,758,297,758,296,759,296,759,297,759,298,760,299,761,299,761,299,761,300,761,301,761,302,762,302,763,302,763,302,762,302,761,302,760,302,759,303,758,303,757,302,757,301,757,300
1,7,300,9,771,300,771,299,771,298,772,298,773,298,774,298,775,298,775,298,775,299,776,299,777,298,778,298,779,298,780,297,780,296,780,296,781,296,781,296,781,297,781,298,781,299,781,300,781,301,781,302,781,303,781,303,780,303,780,303,780,302,779,302,779,302,779,301,778,301,777,301,776,301,776,302,776,302,775,302,774,302,773,302,773,303,773,303,772,303,771,303,770,303,769,303,769,303,770,303,770,302,770,302,771,302,771,301
1,7,299,9,897,299,897,298,897,298,898,298,898,297,898,296,899,296,900,296,900,295,900,295,901,295,902,295,903,295,904,295,905,295,906,295,907,295,908,295,909,295,909,295,909,296,909,297,909,298,909,299,909,300,909,300,908,300,907,301,906,302,905,302,904,302,903,302,902,302,901,302,900,302,899,302,898,302,897,302,897,301,897,300
1,7,299,9,922,299,922,298,922,297,922,296,922,295,923,295,924,295,925,295,926,295,927,295,928,295,929,295,930,295,931,295,932,295,933,295,934,295,934,295,934,296,934,296,933,296,933,297,933,298,933,299,933,299,932,299,931,299,930,299,929,299,928,299,927,299,926,299,925,299,924,299,923,299,922,299
1,7,299,9,941,299,941,298,941,297,941,296,941,296,942,296,942,296,942,297,943,298,944,298,945,297,945,296,945,295,946,295,946,296,946,297,947,298,948,298,948,298,948,299,948,300,948,301,948,302,947,302,946,302,945,302,944,302,943,302,942,302,941,302,940,302,940,302,941,301,941,300
1,7,299,9,962,299,962,298,962,297,962,296,962,295,963,295,963,296,963,297,963,298,963,299,963,300,963,301,963,302,962,302,962,301,962,300
1,7,299,9,981,299,981,298,981,297,981,296,981,295,982,295,982,296,982,297,982,298,982,299,982,300,982,301,982,302,981,302,981,301,981,300
1,9,308,9,26,308,26,307,25,307,25,307,25,306,25,305,26,305,26,306,26,307,26,308
1,9,308,9,80,308,80,307,80,306,80,305,79,304,79,304,80,304,81,304,82,304,83,304,84,304,85,304,86,304,87,304,88,304,88,304,88,305,88,306,88,307,89,307,89,307,89,308,89,308,88,308,87,308,86,308,85,308,84,308,83,308,82,308,81,308,80,308
1,9,308,9,109,308,109,307,108,307,108,308
1,9,308,9,110,308,110,307,109,307,109,308
1,9,308,9,111,308,111,307,110,307,110,308
1,9,308,9,112,308,112,307,111,307,111,308
1,9,308,9,113,308,113,307,112,307,112,308
1,9,308,9,118,308,118,307,118,306,118,305,118,305,119,305,119,304,119,304,120,304,121,304,122,304,123,304,123,305,122,306,122,307,122,308,121,308,120,308,119,308,118,308
1,9,308,9,330,308,330,307,330,306,330,305,330,304,331,304,332,304,333,304,334,304,334,304,334,305,334,306,334,307,334,308,333,308,332,308,331,308,330,308
1,9,308,9,339,308,339,307,339,306,339,305,339,305,340,305,340,304,340,304,341,304,342,304,343,304,344,304,344,305,344,306,344,307,344,308,344,308,343,308,342,308,341,308,340,308,339,308
1,9,309,9,534,309,534,308,534,307,534,306,534,305,535,305,535,306,535,307,535,308,535,309,535,309,534,309
1,9,309,9,546,309,546,308,545,308,545,309
1,9,309,9,547,309,547,308,546,308,546,309
1,9,309,9,548,309,548,308,547,308,547,309
1,9,309,9,549,309,549,308,548,308,548,309
1,9,309,9,550,309,550,308,549,308,549,309
1,9,309,9,551,309,551,308,550,308,550,309
1,9,309,9,552,309,552,308,551,308,551,309
1,9,309,9,553,309,553,308,552,308,552,309
1,9,309,9,554,309,554,308,553,308,553,309
1,9,309,9,555,309,555,308,554,308,554,309
1,9,309,9,556,309,556,308,555,308,555,309
1,9,309,9,557,309,557,308,556,308,556,309
1,9,309,9,558,309,558,308,557,308,557,309
1,9,309,9,578,309,578,308,578,307,578,306,577,305,577,305,578,305,579,305,579,306,579,307,579,308,579,309,579,309,578,309
1,9,308,9,624,308,624,307,624,306,624,305,624,305,625,305,626,305,627,305,628,305,629,305,630,305,631,305,632,305,633,305,634,305,635,305,636,305,636,306,636,307,636,308,636,309,636,310,636,311,636,312,635,312,635,311,635,310,634,309,633,309,632,309,631,308,630,308,630,309,630,309,629,309,628,309,627,309,626,309,625,309,624,309
1,9,309,9,651,309,651,308,651,307,651,306,651,305,652,305,653,305,653,305,653,306,653,307,653,308,653,309,652,309,651,309
1,9,309,9,658,309,658,308,658,307,658,306,658,306,659,306,660,306,661,306,661,305,661,305,662,305,663,305,664,305,664,305,664,306,664,307,664,308,664,309,664,310,664,310,663,310,663,311,663,312,662,312,662,311,662,310,661,309,660,309,659,309,658,309
1,9,309,9,758,309,758,308,758,307,758,306,758,305,759,305,759,306,759,307,759,308,759,309,759,309,758,309
1,9,309,9,769,309,769,308,769,307,769,306,769,305,770,305,771,305,771,305,771,306,771,307,771,308,771,309,770,309,769,309
1,9,309,9,776,309,776,308,776,307,776,306,776,306,777,306,778,305,779,305,780,305,781,305,781,306,781,307,781,308,781,309,781,310,781,311,781,312,780,312,780,311,780,310,779,309,778,309,777,309,776,309
1,9,308,9,938,308,938,307,938,306,938,305,938,305,939,305,940,305,941,305,942,305,943,305,944,305,945,305,946,305,947,305,947,305,946,306,946,307,947,307,947,307,947,308,948,308,948,308,948,309,948,310,948,311,948,312,947,312,946,312,945,312,944,312,943,312,942,312,941,312,940,312,939,312,939,312,940,312,941,311,941,310,940,309,939,308,938,308
1,9,308,9,951,308,951,307,951,307,952,307,952,306,952,306,953,306,953,305,953,305,954,305,955,305,956,305,957,305,958,305,959,305,960,305,961,305,962,305,963,305,963,306,963,307,963,308,963,309,963,309,962,309,962,310,962,310,961,310,961,311,961,311,960,311,959,312,958,312,957,312,956,312,955,312,954,312,953,312,953,312,953,311,952,311,952,311,952,310,951,310,951,310,951,309
1,9,308,9,981,308,981,307,981,306,981,305,981,304,982,304,982,305,982,306,982,307,981,308
1,2,276,9,15,276,15,275,15,274,16,274,17,274,18,274,19,274,20,274,20,275,19,276,19,277,19,278,18,278,17,278,16,278,15,278,15,278,15,277
1,2,276,9,25,276,25,275,25,274,26,274,26,275,26,276,26,277,26,278,26,278,25,278,25,278,25,277
1,2,276,9,37,276,38,275,38,274,38,274,39,274,40,274,41,274,41,274,40,275,40,276,41,277,42,278,43,278,43,278,42,278,41,278,40,278,39,278,38,278,37,278,36,278,36,278,37,278,37,277
1,2,276,9,48,276,48,275,47,274,47,274,48,274,49,274,50,274,51,274,52,275,53,276,53,277,53,278,54,278,55,277,55,276,55,275,55,274,55,274,56,274,57,274,58,274,58,274,58,275,59,275,59,275,59,276,59,277,58,278,57,278,56,278,55,278,54,278,53,278,52,278,51,278,50,278,49,278,49,277,49,276,48,276
1,2,276,9,79,276,80,275,80,274,80,274,81,274,82,274,83,274,84,274,85,274,86,274,87,274,87,274,86,275,85,276,85,277,86,277,86,277,86,278,86,278,85,278,84,278,83,278,82,278,81,278,80,278,79,278,78,278,78,278,79,278,79,277
1,2,276,9,319,276,319,275,319,274,319,274,319,275,319,276,319,277,319,278,319,278,319,277
1,2,280,9,534,280,535,279,535,278,535,278,535,279,535,280,536,280,536,280,536,281,536,282,535,282,534,282,534,282,534,281
1,2,277,9,535,277,535,276,535,275,535,275,535,276,535,277,535,278,535,279,535,279,535,278
1,2,277,9,557,277,557,276,557,275,558,275,559,275,559,275,559,276,559,277,559,278,560,278,560,278,560,279,560,279,559,279,558,279,557,279,557,279,557,278
1,2,276,9,577,276,577,275,577,275,578,276,579,277,580,278,580,278,579,278,578,278,577,278,577,278,577,277
1,2,276,9,636,276,636,275,636,274,637,274,637,275,637,276,638,276,638,276,638,277,638,278,637,278,636,278,636,278,636,277
1,2,276,9,663,276,663,275,663,274,664,274,664,275,664,276,664,277,664,278,664,278,663,278,663,278,663,277
1,2,277,9,758,277,758,276,758,275,759,275,759,276,759,277,759,278,759,279,759,279,758,279,758,279,758,278
1,2,277,9,780,277,780,276,780,275,781,275,781,276,781,277,781,278,781,279,781,279,780,279,780,279,780,278
1,2,276,9,883,276,883,275,883,274,883,274,883,275,883,276,883,277,883,278,883,278,883,277
1,2,276,9,908,276,908,275,908,274,909,274,909,275,909,276,909,277,909,278,909,278,908,278,908,278,908,277
1,2,276,9,933,276,933,275,933,274,934,274,934,275,934,276,934,277,934,278,934,278,933,278,933,278,933,277
1,2,276,9,962,276,962,275,962,274,963,274,963,275,963,276,963,277,963,278,963,278,962,278,962,278,962,277
1,2,276,9,981,276,981,275,981,274,982,274,982,275,982,276,982,277,982,278,982,278,981,278,981,278,981,277
1,4,286,9,14,286,14,285,14,285,15,285,15,284,15,284,16,284,17,284,18,284,19,284,19,285,19,286,19,287,18,288,17,288,16,288,15,288,14,288,14,288,14,287
1,4,286,9,25,286,25,285,25,284,26,284,26,285,26,286,26,287,26,288,26,288,25,288,25,288,25,287
1,4,285,9,40,285,40,284,39,284,38,284,37,283,37,283,38,283,39,283,40,283,41,283,42,283,43,283,44,283,44,283,43,284,42,284,41,284,41,285,41,285,40,285
1,4,285,9,49,285,49,284,49,283,50,283,51,283,52,283,53,283,54,283,55,283,56,283,57,283,58,283,59,283,59,283,59,284,59,285,59,286,59,286,58,286,58,287,58,287,57,287,56,287,55,286,54,286,53,287,52,287,51,287,50,287,49,287,48,287,48,287,49,287,49,286
1,4,285,9,75,285,75,284,74,284,74,284,74,283,74,283,75,283,76,283,77,283,78,283,79,283,80,283,81,283,82,283,83,283,84,283,85,283,86,283,87,283,87,283,87,284,88,284,88,284,88,285,88,286,88,287,88,287,87,287,86,287,85,287,84,287,83,287,82,287,81,287,80,287,80,286,80,285,79,285,78,285,77,285,76,285,75,285
1,4,285,9,319,285,319,284,319,283,319,283,319,284,319,285,319,286,319,287,318,287,318,286
1,4,289,9,534,289,535,288,535,287,535,287,535,288,535,289,536,289,536,289,536,290,536,291,535,291,534,291,534,291,534,290
1,4,286,9,535,286,535,285,535,284,535,284,535,285,535,286,535,287,535,288,535,288,535,287
1,4,286,9,557,286,557,285,557,284,558,284,559,284,560,284,561,284,562,284,563,284,564,284,564,285,564,286,565,286,565,286,565,287,566,288,566,288,565,288,564,288,563,288,562,288,561,288,560,288,559,288,558,288,557,288,557,288,557,287
1,4,286,9,576,286,576,285,576,285,577,285,577,284,577,284,578,284,579,284,580,284,581,284,582,284,583,284,583,285,582,286,582,287,582,287,581,287,581,288,581,288,580,288,579,288,578,288,577,288,576,288,575,288,575,287
1,4,286,9,636,286,636,285,636,284,637,284,638,284,639,284,640,284,641,284,642,284,642,284,642,285,643,285,643,285,643,286,644,286,644,286,644,287,644,288,643,288,642,288,641,288,640,288,639,288,638,288,637,288,636,288,635,288,635,288,636,288,636,287
1,4,286,9,662,286,662,285,662,285,663,285,663,284,663,284,664,284,664,284,664,285,664,285,663,285,663,286,663,287,663,288,663,288,662,288,662,288,662,287
1,4,286,9,758,286,758,285,758,284,759,284,759,285,759,286,759,287,759,288,759,288,758,288,758,288,758,287
1,4,286,9,780,286,780,285,780,284,781,284,781,285,781,286,781,287,781,288,781,288,780,288,780,288,780,287
1,4,286,9,871,286,872,285,872,284,872,284,873,284,874,284,875,284,876,284,877,284,878,284,879,284,880,284,881,284,882,284,883,284,884,284,884,285,884,286,884,286,883,286,883,287,883,287,882,287,882,288,882,288,881,288,880,288,879,288,878,288,877,288,876,288,875,288,874,288,873,288,872,288,871,288,871,288,871,287
1,4,285,9,908,285,908,284,908,283,909,283,909,284,909,285,909,286,909,287,909,287,908,287,908,287,908,286
1,4,285,9,933,285,933,284,933,283,934,283,934,284,934,285,934,286,934,287,934,287,933,287,933,287,933,286
1,4,285,9,962,285,962,284,962,283,963,283,963,284,963,285,963,286,963,287,963,287,962,287,962,287,962,286
1,4,285,9,981,285,981,284,981,283,982,283,982,284,982,285,982,286,982,287,982,287,981,287,981,287,981,286
1,6,295,9,15,295,15,294,15,293,16,293,17,293,17,293,17,294,17,295,17,296,18,297,18,297,17,297,16,297,15,297,15,297,15,296
1,6,295,9,25,295,25,294,25,293,26,293,26,294,26,295,26,296,26,297,26,297,25,297,25,297,25,296
1,6,294,9,44,294,45,293,45,292,45,292,46,292,47,292,48,292,49,292,50,292,51,292,51,292,50,292,50,293,50,293,49,293,49,294,49,294,48,294,48,295,48,295,47,295,47,296,47,296,46,296,45,296,44,296,43,296,42,296,42,296,43,295
1,6,294,9,79,294,79,293,79,293,80,293,80,292,80,292,81,292,82,292,83,292,84,292,85,292,86,292,87,292,87,292,86,293,85,294,85,295,86,295,86,295,86,296,86,296,85,296,84,296,83,296,82,296,81,296,80,296,79,296,78,296,78,295
1,6,294,9,206,294,207,294,208,294,209,294,210,294,211,294,212,294,213,294,214,294,215,294,216,294,217,294,218,294,219,294,220,294,221,294,222,294,223,294,224,294,225,294,226,294,227,294,228,294,229,294,230,294,231,294,232,294,233,294,234,294,235,294,236,294,237,294,238,294,239,294,240,294,241,294,242,295,243,295,244,295,245,295,246,295,247,295,248,295,249,295,250,295,251,295,252,295,253,295,254,295,255,295,256,295,257,295,258,295,259,295,260,295,261,295,262,295,263,295,264,295,265,295,266,295,267,296,268,296,269,296,270,296,271,296,272,296,273,296,274,296,275,296,276,296,277,296,277,296,276,296,275,296,274,296,273,296,272,296,271,296,270,296,269,296,268,296,267,296,266,296,265,296,264,296,263,296,262,296,261,296,260,296,259,296,258,296,257,296,256,296,255,296,254,296,253,296,252,296,251,296,250,296,249,296,248,296,247,296,246,296,245,296,244,296,243,296,242,296,241,296,240,296,239,296,238,296,237,296,236,296,235,296,234,296,233,296,232,296,231,296,230,296,229,296,228,296,227,296,226,296,225,296,224,296,223,296,222,296,221,296,220,296,219,296,218,296,217,296,216,296,215,296,214,296,213,296,212,296,211,296,210,296,209,296,208,296,207,296,206,296,205,296,204,296,203,296,202,296,201,296,200,296,199,296,198,296,197,296,196,296,195,296,194,296,193,296,192,296,191,296,190,296,189,296,188,296,187,296,186,296,185,296,184,296,183,296,182,296,181,296,180,296,179,296,178,296,177,296,176,296,175,296,174,296,173,296,172,296,171,296,170,296,169,296,168,296,167,296,166,296,165,296,164,296,164,296,165,296,166,296,167,296,168,296,169,296,170,296,171,296,172,296,173,296,174,296,175,296,176,296,177,296,178,296,179,296,180,296,180,295,180,295,181,295,182,295,183,295,184,295,185,295,186,295,187,295,188,295,189,295,190,295,191,295,192,295,193,295,194,295,195,295,196,295,197,295,198,295,199,295,200,295,201,295,202,295,203,295,204,295,205,295
1,6,294,9,318,294,318,293,318,292,319,292,319,293,319,294,319,295,319,296,319,296,318,296,318,296,318,295
1,6,295,9,534,295,534,294,534,293,535,293,535,294,535,295,535,296,535,297,535,297,534,297,534,297,534,296
1,6,295,9,557,295,557,294,557,293,557,293,557,294,557,295,557,296,557,297,557,297,557,296
1,6,295,9,565,295,565,294,565,293,566,293,566,294,566,295,566,296,566,297,566,297,565,297,564,297,564,297,565,297,565,296
1,6,295,9,576,295,577,295,578,295,578,294,578,293,579,293,580,293,581,293,581,294,581,295,582,296,582,297,581,297,580,297,579,297,578,297,577,297,576,297,575,297,574,297,573,297,573,297,574,297,574,296,574,296,575,296
1,6,295,9,635,295,635,294,635,293,636,293,637,293,638,293,639,293,640,293,641,293,642,293,643,293,644,293,645,293,646,293,647,293,647,293,647,294,648,294,648,294,648,295,648,295,647,294,646,294,645,295,644,296,644,297,644,297,643,297,642,297,641,297,640,297,639,297,638,297,637,297,636,297,635,297,635,297,635,296
1,6,294,9,662,295,662,294,662,293,663,293,664,293,664,293,664,294,664,294,663,294,663,295,663,296,663,297,663,297,662,297,662,297,662,296
1,6,295,9,758,295,758,294,758,293,759,293,759,294,759,295,759,296,759,297,759,297,758,297,758,297,758,296
1,6,295,9,780,295,780,294,780,293,781,293,781,294,781,295,781,296,781,297,781,297,780,297,780,297,780,296
1,6,294,9,901,294,902,294,903,294,904,294,905,294,906,294,907,294,908,293,908,292,908,292,909,292,909,292,909,293,909,294,909,295,909,296,908,296,907,296,906,296,905,296,904,296,903,296,902,296,901,296,900,296,899,296,898,296,898,296,899,296,900,295
1,6,294,9,922,294,923,293,924,292,925,292,926,292,927,292,928,292,929,292,930,292,931,292,932,292,933,292,934,292,934,292,934,293,934,294,934,295,934,296,933,296,932,296,931,296,930,296,929,296,928,296,927,296,926,296,925,296,924,296,923,296,922,296,922,296,922,295
1,6,294,9,946,294,946,294,946,295,946,296,945,296,945,295
1,6,294,9,962,294,962,293,962,292,963,292,963,293,963,294,963,295,963,296,963,296,962,296,962,296,962,295
1,6,294,9,981,294,981,293,981,292,982,292,982,293,982,294,982,295,982,296,982,296,981,296,981,296,981,295
1,8,304,9,18,304,18,303,17,302,17,302,18,302,19,302,20,302,20,302,20,303,21,304,21,305,21,306,21,306,20,306,20,306,20,305,19,305,19,305,19,304,18,304
1,8,304,9,25,304,25,303,25,302,26,302,26,303,26,304,26,305,26,306,26,306,25,306,25,306,25,305
1,8,303,9,74,303,74,302,74,301,75,301,76,301,77,301,78,301,79,301,80,301,81,301,82,301,83,301,84,301,85,301,86,301,87,301,88,302,88,303,88,304,88,305,87,305,86,305,85,305,84,305,83,305,82,305,81,305,80,305,80,305,80,304,79,304,79,304,79,303,78,303,77,303,76,303,75,303,74,303
1,8,303,9,109,303,109,302,109,301,110,301,111,301,112,301,113,301,114,301,115,301,116,301,117,301,118,301,119,301,120,301,121,301,122,301,123,301,123,301,123,302,123,303,123,304,123,305,122,305,121,305,120,305,119,305,118,305,117,305,116,305,115,305,114,305,113,305,112,305,111,305,110,305,109,305,109,305,109,304
1,8,303,9,318,304,318,303,317,302,316,302,315,302,314,302,314,302,315,302,316,302,317,302,318,302,319,302,320,302,321,302,322,302,322,302,322,303,322,303,321,303,320,303,319,303,319,304,319,305,319,306,319,306,318,306,318,306,318,305
1,8,303,9,330,303,330,302,330,301,331,301,332,301,333,301,334,301,335,301,336,301,337,301,338,301,339,301,340,301,341,301,342,301,343,301,344,302,344,303,344,304,344,305,343,305,342,305,341,305,340,305,339,305,338,305,337,305,336,305,335,305,334,305,333,305,332,305,331,305,330,305,330,305,330,304
1,8,304,9,534,304,534,303,534,302,535,302,535,303,535,304,535,305,535,306,535,306,534,306,534,306,534,305
1,8,304,9,546,304,546,303,546,303,547,303,547,302,547,302,548,302,549,302,550,302,551,302,552,302,553,302,554,302,555,302,556,302,557,302,558,302,558,302,558,303,558,304,557,305,557,306,557,306,556,306,555,306,554,306,553,306,552,306,551,306,550,306,549,306,548,306,547,306,546,306,546,306,546,305
1,8,304,9,576,304,576,303,575,303,575,303,575,302,574,302,574,302,575,302,576,302,577,302,578,302,578,302,578,303,578,304,578,305,579,305,579,305,579,306,579,306,578,306,578,306,578,305,577,305,577,305,577,304,576,304
1,8,304,9,624,304,625,303,625,302,625,302,626,302,627,302,628,302,629,302,630,302,631,302,632,302,633,302,634,302,635,302,636,302,636,302,636,303,636,304,636,305,636,306,635,306,634,306,633,306,632,306,631,306,630,306,629,306,628,306,627,306,626,306,625,306,624,306,624,306,624,305
1,8,304,9,652,304,652,303,652,303,653,303,653,302,653,302,654,302,655,302,656,302,657,302,657,302,656,302,656,303,656,303,655,303,654,304,653,305,653,306,653,306,652,306,651,306,651,305
1,8,303,9,662,304,662,303,662,302,663,302,664,302,664,302,664,303,664,304,664,305,664,306,663,306,662,306,661,306,660,306,659,306,658,306,658,306,659,306,660,306,661,305
1,8,304,9,758,304,758,303,757,302,757,302,758,302,759,302,760,302,761,302,762,302,763,302,763,302,762,302,761,302,760,302,759,303,759,304,759,305,759,306,759,306,758,306,758,306,758,305
1,8,304,9,769,304,769,303,769,303,770,303,770,302,770,302,771,302,772,302,773,302,774,302,775,302,776,302,777,302,778,302,779,302,780,302,781,302,781,302,781,303,781,304,781,305,781,306,780,306,779,306,778,306,777,306,776,306,775,306,774,306,773,306,772,306,771,306,770,306,769,306,769,306,769,305
1,8,303,9,898,303,898,302,897,302,897,302,897,301,897,301,898,301,899,301,900,301,901,301,902,301,903,301,904,301,905,301,906,301,907,301,907,301,906,301,906,302,906,302,905,302,904,303,903,303,902,303,901,303,900,303,899,303,898,303
1,8,303,9,939,303,940,302,941,301,942,301,943,301,944,301,945,301,946,301,947,301,948,301,948,302,948,303,948,304,947,305,946,305,945,305,944,305,943,305,942,305,941,305,940,305,939,305,938,305,938,304
1,8,303,9,957,303,958,303,959,303,960,303,961,303,962,302,962,301,962,301,963,301,963,301,963,302,963,303,963,304,963,305,962,305,961,305,960,305,959,305,958,305,957,305,956,305,955,305,954,305,953,305,953,305,954,305,955,305,955,304,955,304,956,304
1,8,303,9,981,303,981,302,981,301,982,301,982,302,982,303,982,304,982,305,982,305,981,305,981,305,981,304
