1,1,1028,9,23,1028,23,1028,23,1029,23,1030,23,1031,23,1031,22,1031,22,1032,22,1032,22,1031,22,1030,22,1029
1,1,1029,9,42,1029,42,1028,42,1027,42,1026,42,1025,43,1025,44,1025,45,1025,45,1026,45,1027,45,1028,45,1029,45,1030,45,1031,46,1032,47,1032,47,1031,47,1031,48,1031,48,1030,48,1029,48,1028,48,1028,49,1028,49,1027,49,1027,50,1027,50,1026,50,1025,51,1025,52,1025,53,1025,53,1026,53,1027,53,1028,53,1029,53,1030,53,1031,53,1031,52,1031,52,1032,52,1032,51,1032,50,1032,49,1032,48,1032,47,1032,46,1032,45,1032,44,1032,43,1032,42,1032,42,1031,42,1030
1,1,1029,9,84,1029,84,1028,84,1028,85,1028,86,1028,87,1028,88,1028,89,1028,90,1028,91,1028,92,1028,93,1028,94,1028,94,1029,94,1030,94,1031,94,1032,94,1032,93,1032,92,1032,91,1032,90,1032,89,1032,88,1032,87,1032,86,1032,85,1032,84,1032,83,1032,83,1032,84,1031,84,1030
1,1,1029,9,109,1029,109,1028,109,1027,109,1026,109,1025,110,1025,110,1026,110,1027,110,1028,110,1029,110,1030,110,1031,110,1032,109,1032,109,1031,109,1030
1,1,1029,9,136,1029,136,1028,136,1027,136,1026,136,1025,137,1025,137,1026,137,1027,137,1028,137,1029,137,1030,137,1031,137,1032,136,1032,136,1031,136,1030
1,1,1029,9,163,1029,163,1028,163,1027,163,1026,163,1025,164,1025,164,1026,164,1027,164,1028,164,1029,164,1030,164,1031,164,1032,163,1032,163,1031,163,1030
1,1,1029,9,189,1029,189,1028,189,1027,190,1026,190,1025,190,1025,190,1026,190,1027,191,1027,191,1027,191,1028,191,1029,191,1030,191,1030,190,1030,190,1031,190,1032,190,1032,190,1031,189,1030
1,1,1029,9,216,1029,216,1028,216,1027,216,1026,216,1025,217,1025,217,1026,217,1027,217,1028,217,1029,217,1030,217,1031,217,1032,216,1032,216,1031,216,1030
1,1,1029,9,245,1029,245,1028,245,1028,246,1028,247,1028,248,1028,249,1028,250,1028,251,1028,252,1028,253,1028,254,1028,255,1028,255,1029,255,1030,255,1031,255,1032,255,1032,254,1032,253,1032,252,1032,251,1032,250,1032,249,1032,248,1032,247,1032,246,1032,245,1032,244,1032,244,1032,245,1031,245,1030
1,1,1029,9,296,1029,296,1028,296,1028,297,1028,297,1028,297,1029,297,1030,296,1031,296,1032,296,1032,296,1031,296,1030
1,1,1029,9,523,1029,523,1028,523,1028,523,1029,523,1030,523,1031,523,1032,523,1032,523,1031,523,1030
1,1,1029,9,583,1029,583,1028,583,1028,584,1028,585,1028,586,1028,587,1028,588,1028,589,1028,590,1028,591,1028,592,1028,593,1028,593,1029,593,1030,593,1031,593,1032,593,1032,592,1032,591,1032,590,1032,589,1032,588,1032,587,1032,586,1032,585,1032,584,1032,583,1032,582,1032,582,1032,582,1031,582,1031,583,1031,583,1030
1,1,1029,9,626,1029,626,1028,626,1028,627,1028,628,1028,629,1028,629,1028,629,1029,629,1030,629,1031,630,1031,630,1031,630,1032,631,1032,631,1032,630,1032,629,1032,628,1032,627,1032,626,1032,625,1032,624,1032,624,1032,625,1032,625,1031,625,1031,626,1031,626,1030
1,1,1029,9,666,1029,666,1028,666,1028,667,1028,668,1028,669,1028,670,1028,671,1028,672,1028,673,1028,674,1028,675,1028,675,1028,675,1029,675,1030,675,1031,676,1031,676,1031,676,1032,676,1032,675,1032,674,1032,673,1032,672,1032,671,1032,670,1032,669,1032,668,1032,667,1032,666,1032,665,1032,665,1032,665,1031,665,1031,666,1031,666,1030
1,1,1029,9,720,1029,720,1028,720,1028,721,1028,721,1027,721,1027,722,1027,723,1027,724,1027,725,1027,726,1027,727,1027,728,1027,728,1027,728,1028,729,1028,730,1028,730,1029,730,1030,730,1031,730,1032,730,1032,729,1032,728,1032,727,1032,726,1032,725,1032,724,1032,723,1032,722,1032,721,1032,720,1032,719,1032,718,1032,718,1032,719,1032,719,1031,719,1031,720,1031,720,1030
1,1,1029,9,745,1029,745,1028,745,1028,745,1029,745,1030,745,1031,745,1032,745,1032,745,1031,745,1030
1,1,1029,9,755,1029,755,1028,755,1027,756,1027,757,1027,757,1026,757,1026,758,1026,758,1025,758,1025,759,1025,760,1025,761,1025,762,1025,763,1025,764,1025,765,1025,766,1025,767,1025,768,1025,768,1026,768,1027,768,1028,768,1029,768,1029,767,1029,767,1030,767,1030,766,1030,766,1031,766,1031,765,1031,765,1032,765,1032,764,1032,763,1032,762,1032,761,1032,760,1032,759,1032,758,1032,757,1032,756,1032,756,1032,756,1031,755,1030
1,1,1028,9,839,1028,839,1027,839,1027,840,1027,841,1027,842,1027,843,1027,844,1027,845,1027,846,1027,847,1027,848,1027,848,1027,848,1028,848,1029,848,1030,848,1031,847,1031,846,1031,845,1031,844,1031,843,1031,842,1031,841,1031,840,1031,839,1031,838,1031,837,1031,837,1031,838,1031,838,1030,838,1030,839,1030,839,1029
1,1,1028,9,862,1028,862,1027,862,1026,862,1025,862,1024,863,1024,863,1025,863,1026,863,1027,863,1028,863,1029,863,1030,863,1031,862,1031,862,1030,862,1029
1,1,1028,9,908,1028,908,1027,908,1027,909,1027,910,1026,910,1025,910,1024,911,1024,911,1025,911,1026,912,1027,913,1027,913,1026,913,1026,914,1026,914,1025,914,1025,915,1025,915,1024,915,1024,916,1024,916,1024,916,1025,917,1025,917,1025,917,1026,917,1027,917,1028,917,1029,916,1030,916,1031,916,1031,915,1031,914,1031,913,1031,912,1031,911,1031,910,1031,909,1031,908,1031,908,1030,908,1029
1,1,1028,9,920,1028,920,1027,920,1026,921,1025,921,1024,921,1024,922,1024,923,1024,924,1024,925,1024,926,1024,927,1024,928,1024,929,1024,930,1024,931,1024,932,1024,932,1024,932,1025,932,1025,931,1025,931,1026,931,1027,930,1027,929,1027,929,1028,929,1028,928,1028,927,1028,926,1028,925,1028,924,1028,923,1028,922,1028,922,1029,922,1030,922,1031,922,1031,921,1031,921,1031,921,1030,920,1029
1,1,1028,9,978,1028,978,1027,978,1027,978,1028,978,1029,978,1030,978,1031,978,1031,978,1030,978,1029
1,3,1038,9,13,1038,13,1037,13,1036,14,1035,15,1035,16,1035,16,1035,15,1036,15,1037,15,1038,15,1039,15,1040,14,1041,14,1042,14,1042,13,1042,12,1042,11,1042,11,1042,12,1041,12,1040,12,1040,13,1040,13,1039
1,3,1038,9,22,1038,22,1037,22,1036,22,1035,22,1035,23,1036,23,1037,23,1038,23,1039,23,1040,23,1040,22,1040,22,1041,22,1042,22,1042,22,1041,22,1040,22,1039
1,3,1039,9,38,1039,38,1038,38,1038,39,1038,40,1038,41,1038,41,1037,41,1037,42,1037,42,1036,42,1035,43,1035,44,1035,45,1035,46,1035,47,1035,48,1035,49,1035,50,1035,50,1035,50,1036,50,1037,50,1038,50,1038,49,1038,48,1039,47,1040,46,1041,46,1042,46,1042,45,1042,44,1042,43,1042,42,1042,41,1042,40,1042,39,1042,38,1042,37,1042,36,1042,36,1042,37,1042,37,1041,37,1041,38,1041,38,1040
1,3,1038,9,81,1038,81,1037,81,1036,82,1035,83,1035,84,1035,85,1035,86,1035,87,1035,88,1035,89,1035,90,1035,91,1035,92,1035,93,1035,94,1035,94,1035,93,1036,92,1037,92,1038,92,1038,91,1038,90,1038,89,1038,88,1038,87,1038,86,1038,85,1038,84,1038,83,1038,83,1039,83,1039,82,1039,82,1040,82,1041,82,1042,82,1042,82,1041,82,1040,81,1039
1,3,1038,9,109,1038,109,1037,109,1036,109,1035,109,1035,110,1035,110,1035,110,1036,110,1037,110,1038,110,1039,110,1040,110,1041,110,1042,110,1042,109,1042,109,1042,109,1041,109,1040,109,1039
1,3,1038,9,136,1038,136,1037,136,1036,136,1035,136,1035,137,1035,137,1035,137,1036,137,1037,137,1038,137,1039,137,1040,137,1041,137,1042,137,1042,136,1042,136,1042,136,1041,136,1040,136,1039
1,3,1038,9,163,1038,163,1037,163,1036,163,1035,163,1035,164,1035,164,1035,164,1036,164,1037,164,1038,164,1039,164,1040,164,1041,164,1042,164,1042,163,1042,163,1042,163,1041,163,1040,163,1039
1,3,1038,9,189,1038,189,1037,189,1037,190,1037,190,1036,190,1035,190,1035,190,1036,190,1037,190,1038,190,1039,190,1040,190,1041,190,1042,190,1042,190,1041,190,1040,189,1040,189,1040,189,1039
1,3,1039,9,216,1039,216,1038,216,1037,216,1036,216,1035,217,1035,217,1036,217,1037,217,1038,217,1039,217,1040,217,1041,217,1042,216,1042,216,1041,216,1040
1,3,1039,9,243,1039,243,1038,243,1037,243,1036,243,1035,244,1035,245,1035,246,1035,247,1035,248,1035,249,1035,250,1035,251,1035,252,1035,253,1035,254,1035,255,1035,255,1035,254,1036,254,1037,254,1038,254,1039,254,1039,253,1039,252,1039,251,1039,250,1039,249,1039,248,1039,247,1039,246,1039,245,1039,244,1040,244,1041,244,1042,243,1042,243,1041,243,1040
1,3,1039,9,271,1039,271,1038,271,1038,272,1038,273,1038,274,1038,275,1038,276,1038,277,1038,278,1038,279,1038,280,1038,281,1038,281,1039,281,1040,282,1041,282,1042,281,1042,280,1042,279,1042,278,1042,277,1042,276,1042,275,1042,274,1042,273,1042,272,1042,271,1042,270,1042,270,1042,271,1041,271,1040
1,3,1039,9,296,1039,296,1038,296,1037,296,1036,296,1035,296,1035,296,1036,297,1036,297,1036,297,1037,297,1038,297,1039,297,1040,297,1041,297,1042,296,1042,296,1041,296,1040
1,3,1039,9,362,1039,362,1038,362,1038,363,1038,364,1038,365,1038,366,1038,367,1038,368,1038,369,1038,370,1038,371,1038,372,1038,372,1039,372,1040,373,1041,373,1042,372,1042,371,1042,370,1042,369,1042,368,1042,367,1042,366,1042,365,1042,364,1042,363,1042,362,1042,361,1042,361,1042,362,1041,362,1040
1,3,1039,9,405,1039,405,1038,405,1038,406,1038,407,1038,408,1038,409,1038,409,1039,409,1040,410,1041,411,1042,412,1042,412,1042,411,1042,410,1042,409,1042,408,1042,407,1042,406,1042,405,1042,404,1042,403,1042,403,1042,404,1042,404,1041,404,1041,405,1041,405,1040
1,3,1039,9,445,1039,445,1038,445,1038,446,1038,447,1038,448,1038,449,1038,450,1038,451,1038,452,1038,453,1038,454,1038,455,1038,455,1039,455,1040,455,1041,455,1042,455,1042,454,1042,453,1042,452,1042,451,1042,450,1042,449,1042,448,1042,447,1042,446,1042,445,1042,444,1042,444,1042,445,1041,445,1040
1,3,1038,9,499,1038,499,1037,499,1037,500,1037,501,1037,502,1037,503,1037,504,1037,505,1037,506,1037,507,1037,508,1037,509,1037,509,1038,509,1039,509,1040,509,1041,509,1042,508,1042,507,1042,506,1042,505,1042,504,1042,503,1042,502,1042,501,1042,500,1042,499,1042,498,1042,497,1042,497,1042,498,1041,499,1040,499,1039
1,3,1038,9,523,1038,523,1037,523,1036,523,1035,523,1035,524,1036,524,1037,524,1038,524,1039,524,1040,524,1040,523,1040,523,1041,524,1042,524,1042,523,1042,523,1042,523,1041,523,1040,523,1039
1,3,1038,9,534,1038,534,1037,534,1037,535,1037,535,1036,535,1036,536,1036,536,1035,536,1035,537,1035,538,1035,539,1035,540,1035,541,1035,542,1035,543,1035,544,1035,545,1035,546,1035,546,1036,546,1037,546,1038,546,1039,546,1039,545,1039,545,1040,545,1040,544,1040,544,1041,544,1041,543,1041,543,1042,543,1042,542,1042,541,1042,540,1042,539,1042,538,1042,537,1042,536,1042,535,1042,534,1042,534,1042,534,1041,534,1040,534,1039
1,3,1038,9,581,1038,581,1037,581,1036,581,1035,581,1034,582,1034,583,1034,584,1034,585,1034,586,1034,587,1034,588,1034,589,1034,590,1034,591,1034,592,1034,593,1034,593,1034,592,1035,592,1036,592,1037,592,1038,592,1038,591,1038,590,1038,589,1038,588,1038,587,1038,586,1038,585,1038,584,1038,583,1038,582,1039,581,1040,581,1041,581,1041,581,1040,581,1039
1,3,1038,9,609,1038,609,1037,609,1037,610,1037,611,1037,612,1037,613,1037,614,1037,615,1037,616,1037,617,1037,618,1037,619,1037,619,1038,619,1039,619,1040,619,1041,619,1041,618,1041,617,1041,616,1041,615,1041,614,1041,613,1041,612,1041,611,1041,610,1041,609,1041,608,1041,608,1041,609,1040,609,1039
1,3,1038,9,639,1038,639,1037,639,1037,640,1037,641,1037,642,1037,643,1037,644,1037,645,1037,646,1037,647,1037,648,1037,649,1037,649,1038,649,1039,649,1040,649,1041,649,1041,648,1041,647,1041,646,1041,645,1041,644,1041,643,1041,642,1041,641,1041,640,1041,639,1041,638,1041,638,1041,639,1040,639,1039
1,3,1038,9,663,1038,663,1037,663,1036,664,1035,664,1034,664,1034,665,1034,666,1034,667,1034,668,1034,669,1034,670,1034,671,1034,672,1034,673,1034,674,1034,675,1034,676,1034,676,1034,675,1034,675,1035,675,1036,675,1037,675,1038,674,1038,673,1038,672,1038,671,1038,670,1038,669,1038,668,1038,667,1038,666,1038,665,1038,665,1039,665,1039,664,1039,664,1040,664,1041,664,1041,664,1040,663,1039
1,3,1038,9,690,1038,690,1037,690,1037,691,1037,691,1036,691,1036,692,1036,692,1035,692,1035,693,1035,693,1034,693,1034,694,1034,695,1034,696,1034,697,1034,698,1034,699,1034,700,1034,701,1034,702,1034,702,1034,702,1035,702,1036,702,1037,702,1038,702,1039,702,1039,701,1039,701,1040,701,1040,700,1040,700,1041,700,1041,699,1041,698,1041,697,1041,696,1041,695,1041,694,1041,693,1041,692,1041,691,1041,691,1041,691,1040,690,1040,690,1040,690,1039
1,3,1038,9,718,1038,718,1037,718,1036,718,1035,718,1034,719,1034,720,1034,721,1034,722,1034,723,1034,724,1034,725,1034,726,1034,727,1034,728,1034,729,1034,730,1034,730,1034,729,1035,729,1036,729,1037,729,1038,729,1038,728,1038,727,1038,726,1038,725,1038,724,1038,723,1038,722,1038,721,1038,720,1038,719,1039,719,1040,719,1041,718,1041,718,1040,718,1039
1,3,1038,9,745,1038,745,1037,745,1036,745,1035,745,1034,745,1034,745,1035,746,1036,746,1037,746,1038,746,1039,745,1040,745,1041,745,1041,745,1040,745,1039
1,3,1038,9,755,1038,755,1037,755,1036,756,1035,756,1034,756,1034,757,1034,757,1034,756,1035,756,1036,757,1036,757,1036,757,1037,757,1038,757,1039,757,1039,756,1039,756,1040,756,1041,756,1041,756,1040,755,1039
1,3,1038,9,811,1038,811,1037,811,1037,812,1037,813,1037,814,1037,815,1037,816,1037,817,1037,818,1037,819,1037,820,1037,821,1037,822,1037,822,1037,822,1038,822,1039,822,1040,822,1041,821,1041,820,1041,819,1041,818,1041,817,1041,816,1041,815,1041,814,1041,813,1041,812,1041,811,1041,810,1041,810,1041,811,1040,811,1039
1,3,1038,9,836,1038,836,1037,836,1036,836,1035,836,1034,837,1034,838,1034,839,1034,840,1034,841,1034,842,1034,843,1034,844,1034,845,1034,846,1034,847,1034,848,1034,848,1034,848,1035,848,1035,847,1035,847,1036,847,1037,847,1038,847,1038,846,1038,845,1038,844,1038,843,1038,842,1038,841,1038,840,1038,839,1038,838,1038,837,1039,837,1040,837,1041,836,1041,836,1040,836,1039
1,3,1038,9,862,1038,862,1037,862,1036,862,1035,862,1034,863,1034,863,1035,863,1036,863,1037,863,1038,863,1039,863,1040,863,1041,862,1041,862,1040,862,1039
1,3,1037,9,889,1037,889,1036,889,1036,890,1036,890,1035,890,1035,891,1035,891,1034,891,1034,892,1034,893,1034,894,1034,895,1034,896,1034,897,1034,898,1034,899,1034,900,1034,901,1034,901,1035,901,1036,901,1037,901,1038,901,1038,900,1038,900,1039,900,1039,899,1039,899,1040,899,1040,898,1040,897,1041,896,1041,895,1041,894,1041,893,1041,892,1041,891,1041,890,1041,889,1041,889,1041,889,1040,889,1039,889,1038
1,3,1037,9,910,1037,910,1036,910,1035,910,1034,910,1033,911,1033,911,1034,911,1035,911,1036,911,1037,911,1038,910,1038
1,3,1037,9,915,1037,915,1036,915,1035,915,1034,915,1034,916,1035,916,1036,916,1037,916,1038,915,1038
1,3,1037,9,921,1037,921,1036,921,1035,921,1034,921,1034,922,1034,922,1034,922,1035,922,1036,922,1037,922,1038,922,1039,922,1039,921,1039,921,1040,921,1041,921,1041,921,1040,921,1039,921,1038
1,3,1037,9,947,1037,947,1036,947,1036,948,1036,948,1035,948,1035,949,1035,949,1034,949,1034,950,1034,950,1033,950,1033,951,1033,952,1033,953,1033,954,1033,955,1033,956,1033,957,1033,958,1033,959,1034,959,1035,959,1036,959,1037,959,1038,959,1038,958,1038,958,1039,958,1039,957,1039,957,1040,957,1040,956,1040,955,1040,954,1040,953,1040,952,1040,951,1040,950,1040,949,1040,948,1040,947,1040,947,1039,947,1038
1,3,1037,9,978,1037,978,1036,978,1035,978,1034,978,1033,978,1033,978,1034,978,1035,978,1036,978,1037,978,1038,978,1039,978,1040,978,1040,978,1039,978,1038
1,5,1047,9,11,1047,11,1046,11,1045,11,1044,11,1044,12,1044,13,1044,14,1044,14,1044,14,1045,15,1046,15,1047,15,1048,15,1049,15,1050,15,1051,14,1051,13,1051,12,1051,11,1051,11,1051,11,1050,11,1049,11,1048
1,5,1047,9,21,1047,22,1046,22,1045,22,1044,22,1044,22,1045,23,1046,23,1047,23,1048,23,1049,22,1050,22,1051,22,1051,21,1051,21,1051,21,1050,21,1049,21,1048
1,5,1047,9,33,1047,33,1046,32,1046,32,1047
1,5,1047,9,34,1047,34,1046,33,1046,33,1047
1,5,1047,9,35,1047,35,1046,34,1046,34,1047
1,5,1047,9,36,1047,36,1046,35,1046,35,1047
1,5,1047,9,37,1047,37,1046,36,1046,36,1047
1,5,1047,9,38,1047,38,1046,37,1046,37,1047
1,5,1047,9,39,1047,39,1046,38,1046,38,1047
1,5,1047,9,40,1047,40,1046,39,1046,39,1047
1,5,1047,9,41,1047,41,1046,40,1046,40,1047
1,5,1047,9,42,1047,42,1046,41,1046,41,1047
1,5,1047,9,43,1047,43,1046,42,1046,42,1047
1,5,1047,9,44,1047,44,1046,43,1046,43,1047
1,5,1047,9,45,1047,45,1046,44,1046,44,1047
1,5,1047,9,46,1047,46,1046,45,1046,45,1047
1,5,1047,9,47,1047,47,1046,46,1046,46,1047
1,5,1047,9,48,1047,48,1046,47,1046,47,1047
1,5,1047,9,49,1047,50,1047,51,1047,52,1047,53,1047,53,1047,53,1048,53,1049,53,1050,54,1050,54,1050,54,1051,54,1051,53,1051,52,1051,51,1051,50,1051,49,1051,48,1051,47,1051,46,1051,45,1051,44,1051,43,1051,42,1051,41,1051,40,1051,40,1050,41,1049,41,1048,40,1048,39,1048,38,1048,38,1049,38,1050,37,1051,36,1051,35,1051,34,1051,33,1051,33,1051,33,1050,33,1049,33,1048,32,1048,32,1048,32,1047,32,1046,33,1046,34,1046,34,1045,34,1045,35,1045,35,1044,35,1044,36,1044,37,1044,38,1044,39,1044,40,1044,41,1044,42,1044,43,1044,44,1044,45,1044,46,1044,46,1044,46,1045,47,1046,48,1046,48,1046,48,1047
1,5,1048,9,81,1048,81,1047,81,1046,82,1045,82,1044,82,1044,82,1045,82,1046,82,1047,82,1048,82,1049,82,1050,82,1051,81,1051,81,1050,81,1049
1,5,1048,9,109,1048,109,1047,109,1046,109,1045,109,1044,110,1044,110,1045,110,1046,110,1047,110,1048,110,1049,110,1050,110,1051,109,1051,109,1050,109,1049
1,5,1048,9,136,1048,136,1047,136,1046,136,1045,136,1044,137,1044,137,1045,137,1046,137,1047,137,1048,137,1049,137,1050,138,1051,139,1051,139,1050,139,1050,140,1050,141,1050,142,1050,143,1049,143,1048,143,1047,144,1047,145,1047,146,1047,147,1047,148,1047,149,1047,150,1047,151,1047,152,1047,153,1047,154,1047,155,1047,156,1047,157,1047,157,1046,157,1046,158,1046,159,1046,160,1046,161,1046,162,1046,162,1045,162,1045,163,1045,163,1044,163,1044,164,1044,164,1044,164,1045,164,1046,164,1047,164,1048,164,1049,164,1049,163,1049,163,1050,163,1050,162,1050,161,1050,160,1050,159,1050,158,1050,158,1051,158,1051,157,1051,156,1051,155,1051,154,1051,153,1051,152,1051,151,1051,150,1051,149,1051,148,1051,147,1051,146,1051,145,1051,144,1051,143,1051,142,1051,141,1051,140,1051,139,1051,138,1051,137,1051,136,1051,135,1051,135,1051,136,1050,136,1049
1,5,1048,9,189,1048,189,1047,189,1046,190,1045,190,1044,190,1044,190,1045,190,1046,190,1047,190,1048,190,1049,190,1050,190,1051,190,1051,190,1050,189,1049
1,5,1048,9,216,1048,216,1047,216,1046,216,1045,216,1044,217,1044,217,1045,217,1046,217,1047,217,1048,217,1049,217,1050,217,1051,216,1051,216,1050,216,1049
1,5,1048,9,243,1048,243,1047,243,1046,243,1045,243,1044,244,1044,244,1045,244,1046,244,1047,244,1048,244,1049,244,1050,244,1051,243,1051,243,1050,243,1049
1,5,1048,9,269,1048,269,1047,269,1046,269,1045,269,1045,270,1045,270,1044,270,1044,271,1044,272,1044,273,1044,274,1044,275,1044,276,1044,277,1044,278,1044,279,1044,280,1044,281,1044,282,1044,282,1044,281,1044,281,1045,281,1045,280,1045,280,1046,280,1047,280,1048,280,1048,279,1048,278,1048,277,1048,276,1048,275,1048,274,1048,273,1048,272,1048,271,1048,271,1049,271,1049,270,1049,270,1050,270,1051,269,1051,269,1050,269,1049
1,5,1048,9,296,1048,296,1047,296,1046,296,1045,296,1044,296,1044,296,1045,297,1046,297,1047,297,1048,297,1049,297,1050,297,1050,296,1050,296,1051,296,1051,296,1050,296,1049
1,5,1048,9,307,1048,307,1047,307,1047,308,1047,308,1046,308,1045,309,1044,310,1044,311,1044,312,1044,313,1044,314,1044,315,1044,316,1044,317,1044,318,1044,319,1044,319,1044,319,1045,319,1046,319,1047,319,1048,319,1049,319,1049,318,1049,317,1050,316,1051,315,1051,314,1051,313,1051,312,1051,311,1051,310,1051,309,1051,308,1051,307,1051,307,1050,307,1049
1,5,1048,9,360,1048,360,1047,360,1046,360,1045,360,1044,361,1044,362,1044,363,1044,364,1044,365,1044,366,1044,367,1044,368,1044,369,1044,370,1044,371,1044,372,1044,372,1044,371,1045,371,1046,371,1047,371,1048,371,1048,370,1048,369,1048,368,1048,367,1048,366,1048,365,1048,364,1048,363,1048,362,1048,361,1049,361,1050,361,1051,360,1051,360,1050,360,1049
1,5,1048,9,389,1048,389,1047,389,1047,390,1047,391,1047,392,1047,393,1047,394,1047,395,1047,396,1047,397,1047,398,1047,399,1047,399,1048,399,1049,399,1050,399,1051,399,1051,398,1051,397,1051,396,1051,395,1051,394,1051,393,1051,392,1051,391,1051,390,1051,389,1051,388,1051,387,1051,387,1051,388,1051,388,1050,388,1050,389,1050,389,1049
1,5,1048,9,419,1048,419,1047,419,1047,420,1047,421,1047,422,1047,423,1047,424,1047,425,1047,426,1047,427,1047,428,1047,429,1047,429,1048,429,1049,429,1050,429,1051,429,1051,428,1051,427,1051,426,1051,425,1051,424,1051,423,1051,422,1051,421,1051,420,1051,419,1051,418,1051,417,1051,417,1051,418,1051,418,1050,418,1050,419,1050,419,1049
1,5,1048,9,443,1048,443,1047,443,1046,443,1045,443,1044,444,1044,445,1044,446,1044,447,1044,448,1044,449,1044,450,1044,451,1044,452,1044,453,1044,454,1044,455,1044,455,1044,455,1045,455,1045,454,1045,454,1046,454,1047,454,1048,454,1048,453,1048,452,1048,451,1048,450,1048,449,1048,448,1048,447,1048,446,1048,445,1048,444,1049,444,1050,444,1051,443,1051,443,1050,443,1049
1,5,1048,9,470,1048,470,1047,470,1046,471,1045,472,1045,473,1045,473,1044,473,1044,474,1044,475,1044,476,1044,477,1044,478,1044,479,1044,480,1044,481,1044,482,1044,482,1044,482,1045,482,1046,482,1047,482,1048,482,1049,482,1049,481,1049,481,1050,481,1050,480,1050,479,1051,478,1051,477,1051,476,1051,475,1051,474,1051,473,1051,472,1051,471,1051,470,1051,470,1050,470,1049
1,5,1048,9,496,1048,496,1047,496,1046,497,1045,497,1044,497,1044,498,1044,499,1044,500,1044,501,1044,502,1044,503,1044,504,1044,505,1044,506,1044,507,1044,508,1044,508,1044,508,1045,508,1045,507,1045,507,1046,507,1047,507,1048,507,1048,506,1048,505,1048,504,1048,503,1048,502,1048,501,1048,500,1048,499,1048,498,1048,497,1049,497,1050,497,1051,497,1051,497,1050,496,1049
1,5,1048,9,523,1048,523,1047,523,1046,523,1045,523,1044,524,1044,524,1045,524,1046,524,1047,524,1048,524,1049,524,1050,524,1051,523,1051,523,1050,523,1049
1,5,1048,9,534,1048,534,1047,534,1046,534,1045,534,1044,535,1044,535,1045,535,1046,535,1047,535,1048,535,1049,535,1050,535,1051,534,1051,534,1050,534,1049
1,5,1048,9,581,1048,581,1047,581,1046,581,1045,581,1044,581,1044,581,1045,581,1046,581,1047,581,1048,581,1049,581,1050,581,1051,581,1051,581,1050,581,1049
1,5,1048,9,607,1048,607,1047,607,1046,607,1045,607,1044,608,1044,609,1044,610,1044,611,1044,612,1044,613,1044,614,1044,615,1044,616,1044,617,1044,618,1044,619,1044,619,1044,618,1045,618,1046,618,1047,618,1048,618,1048,617,1048,616,1048,615,1048,614,1048,613,1048,612,1048,611,1048,610,1048,609,1048,608,1049,608,1050,608,1051,607,1051,607,1050,607,1049
1,5,1048,9,637,1048,637,1047,637,1046,637,1045,637,1044,638,1044,639,1044,640,1044,641,1044,642,1044,643,1044,644,1044,645,1044,646,1044,647,1044,648,1044,649,1044,649,1044,648,1045,648,1046,648,1047,648,1048,648,1048,647,1048,646,1048,645,1048,644,1048,643,1047,642,1047,641,1047,640,1047,639,1048,638,1049,638,1050,638,1051,637,1051,637,1050,637,1049
1,5,1048,9,663,1048,663,1047,663,1046,663,1045,663,1045,664,1045,664,1044,664,1044,665,1045,665,1046,665,1047,665,1048,664,1049,664,1050,664,1051,663,1051,663,1051,664,1051,664,1050,663,1049
1,5,1047,9,690,1047,690,1046,690,1045,690,1044,690,1044,691,1044,691,1044,691,1045,691,1046,691,1047,691,1048,691,1049,691,1050,691,1051,691,1051,690,1051,690,1051,691,1050,691,1049,690,1048
1,5,1047,9,718,1047,718,1046,718,1045,718,1044,718,1043,719,1043,719,1044,719,1045,719,1046,719,1047,719,1048,719,1049,719,1050,718,1050,718,1049,718,1048
1,5,1047,9,744,1047,744,1046,744,1045,745,1044,745,1043,745,1043,745,1044,745,1045,745,1046,745,1047,745,1048,745,1049,745,1050,744,1050,744,1049,744,1048
1,5,1047,9,755,1047,755,1046,755,1045,756,1044,756,1043,756,1043,756,1044,756,1045,756,1046,756,1047,756,1048,756,1049,756,1050,756,1050,756,1049,755,1049,755,1049,755,1048
1,5,1047,9,782,1047,782,1046,782,1046,783,1046,783,1045,783,1045,784,1045,784,1044,784,1044,785,1044,785,1043,785,1043,786,1043,787,1043,788,1043,789,1043,790,1043,791,1043,792,1043,793,1043,794,1043,794,1043,794,1044,794,1045,794,1046,794,1047,794,1048,794,1048,793,1048,793,1049,793,1049,792,1049,791,1050,790,1050,789,1050,788,1050,787,1050,786,1050,785,1050,784,1050,783,1050,782,1050,782,1049,782,1048
1,5,1047,9,809,1047,809,1046,809,1045,810,1044,810,1043,810,1043,811,1043,812,1043,813,1043,814,1043,815,1043,816,1043,817,1043,818,1043,819,1043,820,1043,821,1043,822,1043,822,1043,821,1043,821,1044,821,1044,820,1044,820,1045,820,1046,820,1047,820,1047,819,1047,818,1047,817,1047,816,1047,815,1047,814,1047,813,1047,812,1047,811,1047,811,1048,811,1048,810,1048,810,1049,810,1050,810,1050,810,1049,809,1049,809,1049,809,1048
1,5,1047,9,836,1047,836,1046,836,1045,836,1044,836,1043,837,1043,837,1044,837,1045,837,1046,837,1047,837,1048,837,1049,837,1050,836,1050,836,1049,836,1048
1,5,1047,9,862,1047,862,1046,862,1045,862,1044,862,1043,863,1043,863,1044,863,1045,863,1046,863,1047,863,1048,863,1049,863,1050,862,1050,862,1049,862,1048
1,5,1047,9,889,1047,889,1046,889,1045,889,1044,889,1043,890,1043,890,1044,890,1045,890,1046,890,1047,890,1048,890,1049,890,1050,889,1050,889,1049,889,1048
1,5,1047,9,920,1047,920,1046,920,1045,921,1044,921,1043,921,1043,921,1044,921,1045,922,1045,922,1045,922,1046,922,1047,922,1048,922,1049,921,1050,921,1050,921,1049,920,1048
1,5,1047,9,921,1047,921,1046,920,1046,920,1047
1,5,1047,9,946,1047,946,1046,946,1045,947,1044,947,1043,947,1043,947,1044,947,1045,948,1045,948,1045,948,1046,948,1047,948,1048,948,1048,947,1048,947,1049,947,1050,947,1050,947,1049,946,1048
1,5,1046,9,977,1046,977,1045,977,1044,978,1043,978,1043,978,1044,978,1045,978,1046,978,1047,978,1048,978,1049,978,1050,978,1050,978,1049,978,1048,977,1048,977,1048,977,1047
1,7,1056,9,12,1056,12,1055,11,1055,11,1055,11,1054,11,1053,12,1053,13,1053,14,1053,15,1053,16,1053,16,1054,16,1055,16,1056,16,1057,16,1058,16,1059,17,1060,17,1060,16,1060,15,1060,14,1060,13,1060,12,1060,12,1060,12,1059,12,1058,12,1057
1,7,1056,9,21,1056,21,1055,21,1054,21,1053,21,1053,22,1053,22,1053,22,1054,23,1055,23,1056,23,1057,23,1058,22,1059,22,1060,22,1060,21,1059,21,1058,21,1057
1,7,1056,9,33,1056,33,1055,33,1054,33,1053,33,1053,34,1053,35,1053,36,1053,37,1053,37,1054,37,1055,37,1056,37,1057,37,1058,37,1059,38,1059,38,1059,38,1060,38,1060,37,1060,36,1060,35,1060,35,1060,35,1059,34,1059,34,1059,34,1058,33,1057
1,7,1056,9,39,1056,39,1055,39,1054,39,1053,39,1053,40,1053,41,1053,42,1053,43,1053,44,1053,45,1053,46,1053,47,1053,48,1053,48,1053,48,1054,48,1055,48,1056,48,1057,48,1058,49,1059,49,1060,48,1060,47,1060,47,1060,47,1059,46,1058,45,1057,44,1057,44,1058,44,1059,44,1060,44,1060,43,1060,42,1060,41,1059,40,1058,39,1057
1,7,1056,9,51,1056,51,1055,51,1054,51,1053,50,1053,50,1053,51,1053,52,1053,53,1053,54,1053,55,1053,55,1054,55,1055,56,1055,56,1055,56,1056,56,1057,56,1058,56,1058,55,1058,55,1059,55,1060,54,1060,53,1060,52,1060,52,1060,53,1060,53,1059,53,1058,53,1057,52,1057,51,1057
1,7,1057,9,81,1057,81,1056,81,1055,81,1054,81,1053,82,1053,82,1054,82,1055,82,1056,82,1057,82,1058,82,1059,82,1060,81,1060,81,1059,81,1058
1,7,1057,9,103,1057,103,1056,103,1056,104,1056,105,1056,106,1056,107,1056,108,1056,108,1055,108,1055,109,1055,109,1054,109,1053,110,1053,110,1054,110,1055,111,1056,112,1056,113,1056,114,1056,115,1056,116,1056,116,1055,116,1055,117,1055,118,1055,119,1055,120,1055,121,1055,122,1054,123,1054,124,1054,125,1053,126,1053,127,1053,128,1053,129,1053,130,1053,131,1053,132,1053,133,1053,134,1053,135,1053,136,1053,137,1053,138,1053,139,1053,140,1053,141,1053,142,1053,143,1053,144,1053,145,1053,146,1053,147,1053,148,1053,149,1053,149,1053,148,1053,147,1053,146,1054,145,1054,144,1054,144,1055,144,1056,144,1057,144,1057,143,1056,142,1056,142,1057,142,1057,141,1057,140,1057,139,1056,138,1056,138,1057,138,1057,137,1057,137,1057,137,1056,136,1056,135,1056,134,1056,134,1057,134,1057,133,1057,132,1057,131,1057,130,1057,129,1057,128,1057,127,1057,126,1058,125,1058,124,1058,123,1059,122,1059,121,1059,120,1059,119,1059,118,1060,117,1060,116,1060,115,1060,114,1060,113,1060,112,1060,111,1060,110,1060,109,1060,108,1060,107,1060,106,1060,105,1060,104,1060,103,1060,102,1060,101,1060,100,1060,99,1060,98,1060,97,1060,96,1060,95,1060,94,1060,94,1060,95,1060,96,1060,97,1060,98,1060,98,1059,98,1059,99,1059,100,1059,101,1059,102,1059,103,1059,103,1058
1,7,1057,9,189,1057,189,1056,189,1055,190,1054,190,1053,190,1053,191,1054,192,1055,193,1055,194,1055,195,1055,195,1055,195,1056,196,1056,197,1056,198,1056,199,1056,200,1056,201,1056,202,1056,203,1056,204,1056,205,1056,206,1056,207,1056,208,1056,209,1056,210,1056,210,1056,210,1057,210,1058,210,1059,211,1059,212,1059,213,1059,213,1059,213,1060,214,1060,215,1059,215,1058,215,1057,215,1056,215,1055,216,1054,216,1053,216,1053,217,1053,217,1053,217,1054,217,1055,217,1056,217,1057,217,1058,217,1059,217,1060,217,1060,216,1060,215,1060,214,1060,213,1060,212,1060,211,1060,210,1060,209,1060,208,1060,207,1060,206,1060,205,1060,204,1060,203,1060,202,1060,201,1060,200,1060,199,1060,198,1060,197,1060,196,1060,195,1060,194,1060,193,1060,192,1059,191,1059,190,1059,189,1058
1,7,1057,9,242,1057,242,1056,242,1055,243,1054,243,1053,243,1053,244,1053,244,1053,244,1054,244,1055,244,1056,244,1057,244,1058,244,1059,244,1060,244,1060,243,1060,243,1060,243,1059,242,1058
1,7,1057,9,269,1057,269,1056,269,1055,269,1054,269,1053,270,1053,270,1054,270,1055,270,1056,270,1057,270,1058,270,1059,270,1060,269,1060,269,1059,269,1058
1,7,1057,9,296,1057,296,1056,296,1055,296,1054,296,1053,296,1053,296,1054,297,1055,297,1056,297,1057,297,1058,297,1059,297,1060,296,1060,296,1059,296,1058
1,7,1057,9,307,1057,307,1056,307,1055,307,1054,307,1053,308,1053,308,1054,308,1055,308,1056,308,1057,308,1058,308,1059,308,1060,307,1060,307,1059,307,1058
1,7,1057,9,360,1057,360,1056,360,1055,360,1054,360,1053,361,1053,361,1054,361,1055,361,1056,361,1057,361,1058,361,1059,361,1060,360,1060,360,1059,360,1058
1,7,1056,9,387,1056,387,1055,387,1054,387,1053,387,1053,388,1053,389,1053,390,1053,391,1053,392,1053,393,1053,394,1053,395,1053,396,1053,397,1053,398,1053,399,1053,399,1053,398,1053,398,1054,398,1055,398,1056,398,1057,397,1057,396,1057,395,1057,394,1057,393,1057,392,1057,391,1057,390,1057,389,1057,388,1057,388,1058,388,1059,388,1060,388,1060,387,1060,387,1060,387,1059,387,1058,387,1057
1,7,1057,9,417,1057,417,1056,417,1055,417,1054,417,1053,418,1053,419,1053,420,1053,421,1053,422,1053,423,1053,424,1053,425,1053,426,1053,427,1053,428,1053,429,1053,429,1053,428,1054,428,1055,428,1056,428,1057,428,1057,427,1057,426,1057,425,1057,424,1057,423,1057,422,1057,421,1057,420,1057,419,1057,418,1058,418,1059,418,1060,417,1060,417,1059,417,1058
1,7,1057,9,443,1057,443,1056,443,1055,443,1054,443,1053,444,1053,444,1054,444,1055,444,1056,444,1057,444,1058,444,1059,444,1060,443,1060,443,1059,443,1058
1,7,1057,9,470,1057,470,1056,470,1055,470,1054,470,1053,471,1053,471,1054,471,1055,471,1056,471,1057,471,1058,471,1059,471,1060,470,1060,470,1059,470,1058
1,7,1057,9,497,1057,497,1056,497,1055,497,1054,497,1053,497,1053,497,1054,497,1055,497,1056,497,1057,497,1058,497,1059,497,1060,497,1060,497,1059,497,1058
1,7,1057,9,523,1057,523,1056,523,1055,523,1054,523,1053,523,1053,523,1054,524,1055,524,1056,524,1057,524,1058,524,1059,524,1060,523,1060,523,1059,523,1058
1,7,1057,9,533,1057,533,1056,533,1055,534,1054,534,1053,534,1053,535,1053,535,1053,535,1054,535,1055,535,1056,535,1057,535,1058,535,1059,535,1060,535,1060,534,1060,534,1060,534,1059,533,1058
1,7,1057,9,581,1057,581,1056,581,1055,581,1054,581,1053,581,1053,581,1054,581,1055,581,1056,581,1057,581,1058,581,1059,581,1060,581,1060,581,1059,581,1058
1,7,1057,9,607,1057,607,1056,607,1055,607,1054,607,1053,608,1053,608,1054,608,1055,608,1056,608,1057,608,1058,608,1059,608,1060,607,1060,607,1059,607,1058
1,7,1057,9,637,1057,637,1056,637,1055,637,1054,637,1053,638,1053,638,1054,638,1055,638,1056,638,1057,638,1058,638,1059,638,1060,637,1060,637,1059,637,1058
1,7,1057,9,663,1057,663,1056,663,1055,663,1054,663,1053,664,1053,664,1054,664,1055,664,1056,664,1057,664,1058,664,1059,664,1060,663,1060,663,1059,663,1058
1,7,1056,9,690,1056,690,1055,690,1054,690,1053,690,1053,691,1053,691,1053,691,1054,691,1055,691,1056,691,1057,691,1058,691,1059,691,1060,691,1060,690,1060,690,1060,690,1059,690,1058,690,1057
1,7,1056,9,718,1056,718,1055,718,1054,718,1053,718,1053,719,1053,719,1053,719,1054,719,1055,719,1056,719,1057,719,1058,719,1059,719,1060,719,1060,718,1060,718,1060,718,1059,718,1058,718,1057
1,7,1056,9,744,1056,744,1055,744,1054,744,1053,744,1052,745,1052,745,1053,745,1054,745,1055,745,1056,745,1057,745,1058,745,1059,744,1059,744,1058,744,1057
1,7,1056,9,755,1056,755,1055,755,1054,755,1053,755,1052,756,1052,756,1053,756,1054,756,1055,756,1056,756,1057,756,1058,756,1059,755,1059,755,1058,755,1057
1,7,1056,9,782,1056,782,1055,782,1054,782,1053,782,1052,783,1052,783,1053,783,1054,783,1055,783,1056,783,1057,783,1058,783,1059,782,1059,782,1058,782,1057
1,7,1056,9,809,1056,809,1055,809,1054,809,1053,809,1052,810,1052,810,1053,810,1054,810,1055,810,1056,810,1057,810,1058,810,1059,809,1059,809,1058,809,1057
1,7,1056,9,836,1056,836,1055,836,1054,836,1053,836,1052,837,1052,837,1053,837,1054,837,1055,837,1056,837,1057,837,1058,837,1059,836,1059,836,1058,836,1057
1,7,1056,9,862,1056,862,1055,862,1054,862,1053,862,1052,863,1052,863,1053,863,1054,863,1055,863,1056,863,1057,863,1058,863,1059,862,1059,862,1058,862,1057
1,7,1056,9,889,1056,889,1055,889,1054,889,1053,889,1052,890,1052,890,1053,890,1054,890,1055,890,1056,890,1057,890,1058,890,1059,889,1059,889,1058,889,1057
1,7,1056,9,920,1056,920,1055,920,1054,920,1053,920,1052,921,1052,921,1053,921,1054,922,1054,922,1054,922,1055,922,1056,922,1057,922,1057,921,1057,921,1058,921,1059,920,1059,920,1058,920,1057
1,7,1056,9,946,1056,946,1055,946,1054,946,1053,946,1052,947,1052,947,1053,947,1054,947,1055,947,1056,947,1057,947,1058,947,1059,946,1059,946,1059,947,1059,947,1058,946,1057
1,7,1056,9,977,1056,977,1055,977,1054,977,1053,977,1052,978,1052,978,1053,978,1054,978,1055,978,1056,978,1057,978,1058,978,1059,977,1059,977,1058,977,1057
1,9,1065,9,13,1065,13,1064,13,1063,13,1062,13,1062,14,1062,15,1062,16,1062,17,1062,17,1063,17,1064,17,1065,17,1066,17,1067,17,1068,18,1068,18,1068,18,1069,18,1069,17,1069,16,1069,15,1069,14,1069,13,1069,13,1069,13,1068,13,1067,13,1066
1,9,1065,9,21,1065,21,1064,21,1063,22,1062,22,1062,22,1063,23,1064,23,1065,23,1066,23,1067,22,1068,22,1069,22,1069,22,1068,22,1067,21,1066
1,9,1066,9,38,1066,38,1065,38,1064,38,1063,37,1063,37,1063,37,1062,36,1062,36,1062,37,1062,38,1062,39,1062,40,1062,41,1062,42,1063,43,1063,43,1063,43,1064,43,1065,43,1066,43,1066,42,1066,41,1066,40,1066,39,1066,38,1066
1,9,1066,9,47,1066,47,1065,47,1064,47,1063,47,1062,48,1062,49,1062,50,1062,51,1062,52,1062,53,1062,54,1062,54,1062,53,1062,53,1063,53,1064,53,1065,53,1066,52,1066,51,1066,50,1067,50,1068,50,1069,49,1069,48,1069,48,1069,48,1068,48,1067,48,1066,47,1066
1,9,1066,9,81,1066,81,1065,81,1064,81,1063,81,1062,82,1062,83,1062,84,1062,85,1062,86,1062,87,1062,88,1062,89,1062,90,1062,91,1062,92,1062,93,1062,94,1062,95,1062,96,1062,97,1062,98,1062,99,1062,100,1062,101,1062,102,1062,103,1062,104,1062,105,1062,106,1062,107,1062,108,1062,109,1062,109,1062,108,1062,107,1062,106,1062,105,1062,105,1063,105,1063,104,1063,103,1063,102,1063,101,1063,100,1063,100,1064,100,1065,100,1066,100,1066,99,1066,98,1066,97,1066,96,1066,95,1066,94,1066,93,1066,92,1066,91,1066,90,1066,89,1066,88,1066,87,1066,86,1067,85,1067,84,1067,83,1067,82,1067,82,1068,82,1068,81,1067
1,9,1066,9,208,1066,208,1065,208,1064,208,1063,207,1063,206,1063,205,1062,204,1062,203,1062,202,1062,201,1062,201,1062,202,1062,203,1062,204,1062,205,1062,206,1062,207,1062,208,1062,209,1062,210,1062,211,1062,212,1062,213,1062,214,1062,215,1062,216,1062,217,1062,218,1062,219,1062,220,1062,221,1062,222,1062,223,1062,224,1062,225,1062,226,1062,226,1062,226,1063,227,1063,228,1063,229,1063,230,1063,231,1064,232,1064,233,1064,234,1064,235,1064,236,1065,237,1065,238,1065,239,1065,240,1065,241,1065,242,1064,243,1063,243,1062,243,1062,244,1062,244,1062,244,1063,244,1064,244,1065,245,1065,246,1065,247,1065,248,1065,249,1065,250,1065,250,1066,250,1067,251,1068,252,1068,252,1068,252,1069,253,1069,254,1069,255,1069,256,1069,257,1069,257,1069,256,1069,255,1069,254,1069,253,1069,252,1069,251,1069,250,1069,249,1069,248,1069,247,1069,246,1069,245,1069,244,1069,243,1069,242,1069,241,1069,240,1069,239,1069,238,1069,237,1069,236,1069,235,1069,234,1069,233,1069,232,1069,231,1068,230,1068,229,1068,228,1068,228,1068,228,1067,227,1067,226,1067,225,1067,224,1067,223,1067,223,1067,223,1066,222,1066,221,1066,220,1066,219,1066,218,1066,217,1066,216,1066,215,1066,214,1066,213,1066,212,1066,211,1066,210,1066,209,1066,208,1066
1,9,1066,9,269,1066,269,1065,269,1064,269,1063,269,1062,270,1062,270,1063,270,1064,270,1065,270,1066,270,1067,270,1068,270,1069,269,1069,269,1068,269,1067
1,9,1066,9,295,1066,295,1065,295,1064,296,1063,296,1062,296,1062,297,1062,297,1062,296,1063,296,1064,297,1064,297,1064,297,1065,297,1066,297,1067,297,1068,297,1069,297,1069,296,1069,296,1069,296,1068,295,1067
1,9,1066,9,307,1066,307,1065,307,1064,307,1063,307,1062,308,1062,308,1063,308,1064,308,1065,308,1066,308,1067,308,1068,308,1069,307,1069,307,1068,307,1067
1,9,1066,9,360,1066,360,1065,360,1064,360,1063,360,1062,361,1062,361,1063,361,1064,361,1065,361,1066,361,1067,361,1068,361,1069,360,1069,360,1068,360,1067
1,9,1066,9,386,1066,386,1065,386,1064,387,1063,387,1062,387,1062,388,1062,388,1062,388,1063,388,1064,388,1065,388,1066,388,1067,388,1068,387,1069,387,1069,387,1068,386,1067
1,9,1066,9,417,1066,417,1065,417,1064,417,1063,417,1062,418,1062,418,1063,418,1064,418,1065,418,1066,418,1067,418,1068,418,1069,417,1069,417,1068,417,1067
1,9,1066,9,443,1066,443,1065,443,1064,443,1063,443,1062,444,1062,444,1063,444,1064,444,1065,444,1066,444,1067,444,1068,444,1069,443,1069,443,1068,443,1067
1,9,1066,9,470,1066,470,1065,470,1064,470,1063,470,1062,471,1062,471,1063,471,1064,471,1065,471,1066,471,1067,471,1068,471,1069,470,1069,470,1068,470,1067
1,9,1066,9,496,1066,496,1065,496,1064,497,1063,497,1062,497,1062,497,1063,497,1064,497,1065,497,1066,497,1067,497,1068,497,1069,497,1069,497,1068,496,1067
1,9,1066,9,523,1066,523,1065,523,1064,523,1063,523,1062,523,1062,523,1063,524,1064,524,1065,524,1066,524,1067,523,1068,523,1069,523,1069,523,1068,523,1067
1,9,1066,9,533,1066,533,1065,533,1064,534,1063,534,1062,534,1062,535,1062,535,1062,535,1063,535,1064,535,1065,535,1066,535,1067,535,1068,535,1069,535,1069,534,1069,534,1069,534,1068,533,1067
1,9,1066,9,581,1066,581,1065,581,1064,581,1063,581,1062,582,1062,583,1062,583,1062,583,1063,584,1063,585,1063,586,1063,586,1063,586,1064,587,1064,588,1064,589,1064,590,1064,591,1064,592,1064,593,1064,593,1064,593,1065,594,1065,595,1065,596,1065,596,1065,596,1066,596,1067,596,1068,597,1068,598,1068,599,1068,599,1068,599,1069,600,1069,601,1069,601,1069,600,1069,599,1069,598,1069,597,1069,596,1069,595,1069,594,1069,593,1069,592,1069,591,1069,590,1069,589,1069,588,1069,588,1069,588,1068,587,1068,586,1068,585,1068,585,1068,585,1067,584,1067,583,1067,582,1067,582,1067,582,1066,581,1066
1,9,1066,9,607,1066,607,1065,607,1064,607,1063,607,1062,608,1062,608,1063,608,1064,608,1065,608,1066,608,1067,608,1068,608,1069,607,1069,607,1068,607,1067
1,9,1066,9,637,1066,637,1065,637,1064,637,1063,637,1062,638,1062,638,1063,638,1064,638,1065,638,1066,638,1067,638,1068,638,1069,637,1069,637,1068,637,1067
1,9,1066,9,663,1066,663,1065,663,1064,663,1063,663,1062,664,1062,664,1063,664,1064,665,1064,665,1064,665,1065,665,1066,665,1067,666,1068,667,1068,668,1068,669,1068,670,1067,670,1066,670,1065,670,1064,670,1064,671,1064,671,1064,671,1065,672,1065,673,1065,674,1065,674,1064,674,1064,675,1064,676,1064,677,1064,678,1064,679,1064,679,1064,679,1065,680,1065,681,1064,682,1064,683,1064,684,1064,685,1064,686,1064,687,1064,688,1064,689,1064,690,1063,690,1062,690,1062,691,1062,691,1062,691,1063,692,1064,693,1064,694,1064,695,1064,696,1064,697,1064,698,1064,699,1064,700,1064,701,1064,701,1063,701,1063,702,1063,703,1063,704,1063,705,1063,706,1063,707,1063,708,1063,708,1062,708,1062,709,1062,710,1062,711,1062,712,1062,713,1062,714,1062,715,1062,716,1062,717,1062,718,1062,719,1062,719,1062,719,1063,719,1064,719,1065,719,1066,718,1066,717,1066,716,1066,715,1066,714,1066,713,1066,712,1066,711,1066,710,1067,709,1067,708,1067,707,1067,706,1067,705,1067,704,1067,704,1068,704,1068,703,1068,702,1068,701,1068,700,1068,699,1068,698,1068,697,1068,696,1069,695,1069,694,1069,693,1069,692,1069,691,1069,690,1069,689,1069,688,1069,687,1069,686,1069,685,1069,684,1069,683,1069,682,1069,681,1069,680,1069,679,1069,678,1069,677,1069,676,1069,675,1069,674,1069,673,1069,672,1069,671,1069,670,1069,669,1069,668,1069,667,1069,666,1069,665,1069,664,1069,663,1069,662,1069,661,1069,660,1069,659,1069,658,1069,657,1069,656,1069,655,1069,655,1069,656,1069,657,1069,658,1069,659,1069,660,1069,661,1069,662,1069,663,1068,663,1067
1,9,1065,9,744,1065,744,1064,744,1063,744,1062,744,1061,745,1061,745,1062,745,1063,745,1064,745,1065,745,1066,745,1067,745,1068,744,1068,744,1067,744,1066
1,9,1065,9,755,1065,755,1064,755,1063,755,1062,755,1061,756,1061,756,1062,756,1063,757,1063,757,1063,757,1064,757,1065,757,1066,757,1066,756,1066,756,1067,756,1068,755,1068,755,1067,755,1066
1,9,1065,9,781,1065,781,1064,781,1063,782,1062,782,1061,782,1061,783,1061,783,1061,783,1062,783,1063,783,1064,783,1065,783,1066,783,1067,783,1068,783,1068,782,1068,782,1068,782,1067,781,1066
1,9,1065,9,809,1065,809,1064,809,1063,809,1062,809,1061,810,1061,810,1062,810,1063,811,1063,811,1063,811,1064,811,1065,811,1066,811,1066,810,1066,810,1067,810,1068,809,1068,809,1067,809,1066
1,9,1065,9,836,1065,836,1064,836,1063,836,1062,836,1061,837,1061,837,1062,837,1063,837,1064,837,1065,837,1066,837,1067,837,1068,836,1068,836,1067,836,1066
1,9,1065,9,862,1065,862,1064,862,1063,862,1062,862,1061,863,1061,864,1061,864,1061,864,1062,865,1062,866,1062,867,1062,868,1062,869,1062,870,1062,871,1062,872,1062,873,1062,874,1062,875,1062,876,1062,877,1062,878,1062,879,1062,880,1062,881,1062,882,1062,883,1062,884,1062,885,1062,886,1062,887,1062,888,1062,889,1062,889,1061,889,1061,890,1061,890,1061,890,1062,891,1062,892,1062,893,1062,894,1062,895,1062,896,1062,897,1062,898,1062,899,1062,900,1062,901,1062,902,1062,903,1062,904,1062,905,1062,906,1062,907,1062,908,1062,909,1062,910,1062,911,1062,912,1062,913,1062,914,1062,915,1062,916,1062,917,1062,918,1062,919,1062,920,1061,921,1061,922,1061,922,1061,922,1062,923,1062,924,1062,925,1062,926,1062,927,1062,928,1062,929,1062,930,1062,931,1062,932,1062,933,1062,934,1062,935,1062,936,1062,937,1062,938,1062,939,1062,940,1062,941,1062,942,1062,943,1062,944,1062,945,1062,946,1061,947,1061,947,1062,947,1063,947,1064,947,1065,947,1066,946,1066,945,1066,944,1066,943,1066,942,1066,941,1066,940,1066,939,1066,938,1066,937,1066,936,1066,935,1066,934,1066,933,1066,932,1066,931,1066,930,1066,929,1066,928,1066,927,1066,926,1066,925,1066,924,1066,923,1066,922,1066,921,1066,920,1066,919,1066,918,1066,917,1066,916,1066,915,1066,914,1066,913,1066,912,1066,911,1066,910,1067,909,1067,908,1067,907,1067,906,1067,905,1067,904,1067,903,1067,902,1067,901,1067,900,1067,899,1067,898,1067,897,1067,896,1067,895,1067,894,1067,893,1067,892,1067,891,1067,890,1067,889,1067,888,1067,887,1067,886,1067,885,1067,884,1067,883,1067,882,1067,881,1067,880,1067,879,1067,878,1067,877,1067,876,1067,875,1067,874,1067,873,1067,872,1067,871,1067,870,1067,869,1067,868,1067,867,1067,866,1067,865,1067,864,1067,863,1067,862,1067,862,1067,862,1066
1,9,1064,9,977,1064,977,1063,977,1062,977,1061,977,1060,978,1060,978,1061,978,1062,978,1063,978,1064,978,1065,978,1066,978,1067,977,1067,977,1066,977,1065
1,2,1033,9,15,1033,15,1032,15,1032,16,1032,16,1031,16,1031,17,1031,17,1031,17,1032,17,1033,16,1034,16,1035,16,1035,15,1035,14,1035,14,1034
1,2,1033,9,22,1033,22,1032,22,1031,23,1031,23,1031,22,1031,22,1032,22,1033,22,1034,22,1035,22,1035,22,1034
1,2,1033,9,42,1034,42,1033,42,1032,43,1032,44,1032,45,1032,46,1032,47,1032,48,1032,49,1032,50,1032,51,1032,52,1032,52,1032,52,1033,52,1033,51,1033,51,1034,51,1034,50,1034,50,1035,50,1036,49,1036,48,1036,47,1036,46,1036,45,1036,44,1036,43,1036,42,1036,42,1036,42,1035
1,2,1033,9,82,1033,83,1032,84,1031,85,1031,86,1031,87,1031,88,1031,89,1031,90,1031,91,1031,92,1031,93,1031,94,1031,94,1031,94,1032,94,1033,94,1034,94,1035,93,1035,92,1035,91,1035,90,1035,89,1035,88,1035,87,1035,86,1035,85,1035,84,1035,83,1035,82,1035,82,1035,82,1034
1,2,1033,9,109,1033,109,1032,109,1031,110,1031,110,1032,110,1033,110,1034,110,1035,110,1035,109,1035,109,1035,109,1034
1,2,1033,9,136,1033,136,1032,136,1031,137,1031,137,1032,137,1033,137,1034,137,1035,137,1035,136,1035,136,1035,136,1034
1,2,1033,9,163,1033,163,1032,163,1031,164,1031,164,1032,164,1033,164,1034,164,1035,164,1035,163,1035,163,1035,163,1034
1,2,1033,9,190,1033,190,1032,190,1031,190,1031,190,1032,190,1033,190,1034,190,1035,190,1035,190,1034
1,2,1034,9,216,1034,216,1033,216,1032,217,1032,217,1033,217,1034,217,1035,217,1036,217,1036,216,1036,216,1036,216,1035
1,2,1034,9,243,1034,243,1033,243,1033,244,1033,244,1032,244,1032,245,1032,246,1032,247,1032,248,1032,249,1032,250,1032,251,1032,252,1032,253,1032,254,1032,255,1032,255,1032,255,1033,255,1034,255,1035,255,1035,254,1035,254,1036,254,1036,253,1036,252,1036,251,1036,250,1036,249,1036,248,1036,247,1036,246,1036,245,1036,244,1036,243,1036,243,1036,243,1035
1,2,1035,9,296,1034,296,1033,296,1032,296,1032,296,1033,296,1034,296,1035,297,1036,297,1036,296,1036,296,1036,296,1035
1,2,1033,9,523,1033,523,1032,523,1031,523,1031,523,1032,523,1033,523,1034,523,1035,523,1035,523,1034
1,2,1033,9,581,1033,582,1032,582,1031,582,1031,583,1031,584,1031,585,1031,586,1031,587,1031,588,1031,589,1031,590,1031,591,1031,592,1031,593,1031,593,1031,593,1032,593,1033,593,1034,593,1034,592,1034,592,1035,592,1035,591,1035,590,1035,589,1035,588,1035,587,1035,586,1035,585,1035,584,1035,583,1035,582,1035,581,1035,581,1035,581,1034
1,2,1033,9,624,1033,624,1032,624,1032,625,1032,625,1031,625,1031,626,1031,627,1031,628,1031,629,1031,630,1031,630,1031,630,1032,631,1032,631,1032,631,1033,631,1034,631,1034,631,1033,630,1033,629,1033,628,1032,627,1032,626,1033,625,1033,624,1033,624,1034,624,1034
1,2,1033,9,664,1033,665,1032,665,1031,665,1031,666,1031,667,1031,668,1031,669,1031,670,1031,671,1031,672,1031,673,1031,674,1031,675,1031,676,1031,676,1031,676,1032,676,1033,676,1034,676,1034,675,1034,675,1035,675,1035,674,1035,673,1035,672,1035,671,1035,670,1035,669,1035,668,1035,667,1035,666,1035,665,1035,664,1035,664,1035,664,1034
1,2,1033,9,696,1033,697,1033,698,1033,699,1033,700,1033,701,1033,702,1034,702,1035,701,1035,700,1035,699,1035,698,1035,697,1035,696,1035,695,1035,694,1035,693,1035,692,1035,692,1035,693,1034,694,1034,695,1034
1,2,1033,9,718,1033,718,1032,718,1032,719,1032,719,1031,719,1031,720,1031,721,1031,722,1031,723,1031,724,1031,725,1031,726,1031,727,1031,728,1031,729,1031,730,1031,730,1031,730,1032,730,1033,730,1034,730,1034,729,1034,729,1035,729,1035,728,1035,727,1035,726,1035,725,1035,724,1035,723,1035,722,1035,721,1035,720,1035,719,1035,718,1035,718,1035,718,1034
1,2,1033,9,745,1033,745,1032,745,1031,745,1031,745,1032,745,1033,745,1034,745,1035,745,1035,745,1034
1,2,1033,9,756,1033,756,1032,756,1031,757,1031,758,1031,759,1031,760,1031,761,1031,762,1031,763,1031,764,1031,765,1031,766,1031,766,1031,765,1032,764,1032,763,1032,763,1033,763,1033,762,1033,761,1033,760,1033,759,1033,758,1033,757,1034,756,1035,756,1035,756,1034
1,2,1033,9,836,1033,837,1032,837,1031,837,1031,838,1031,839,1031,840,1031,841,1031,842,1031,843,1031,844,1031,845,1031,846,1031,847,1031,848,1031,848,1031,848,1032,848,1033,848,1034,848,1035,847,1035,846,1035,845,1035,844,1035,843,1035,842,1035,841,1035,840,1035,839,1035,838,1035,837,1035,836,1035,836,1035,836,1034
1,2,1033,9,862,1033,862,1032,862,1031,863,1031,863,1032,863,1033,863,1034,863,1035,863,1035,862,1035,862,1035,862,1034
1,2,1032,9,895,1032,896,1032,897,1032,898,1032,899,1033,900,1033,900,1033,900,1034,901,1034,901,1034,900,1034,899,1034,898,1034,897,1034,896,1034,895,1034,894,1034,893,1034,892,1034,891,1034,891,1034,892,1033,893,1033,894,1033
1,2,1032,9,909,1032,909,1031,908,1031,908,1031,908,1030,908,1030,909,1030,910,1030,911,1030,912,1030,913,1030,914,1030,915,1030,916,1030,917,1030,918,1030,919,1030,920,1030,921,1030,922,1030,922,1031,921,1032,921,1033,922,1034,922,1034,921,1034,920,1034,919,1034,918,1034,917,1034,916,1034,915,1034,914,1034,913,1034,912,1034,911,1034,910,1034,910,1033,910,1032,909,1032
1,2,1032,9,951,1032,952,1032,953,1032,954,1032,955,1032,956,1032,957,1032,957,1032,957,1033,958,1033,958,1033,958,1034,959,1034,959,1034,958,1034,957,1034,956,1034,955,1034,954,1034,953,1034,952,1034,951,1034,950,1034,949,1034,949,1034,950,1033
1,2,1032,9,978,1032,978,1031,978,1030,978,1030,978,1031,978,1032,978,1033,978,1034,978,1034,978,1033
1,4,1043,9,11,1043,11,1042,11,1042,12,1042,12,1041,12,1041,13,1041,14,1041,14,1042,14,1043,14,1044,14,1045,14,1045,13,1045,12,1045,11,1045,11,1045,11,1044
1,4,1043,9,22,1043,22,1042,22,1041,22,1041,22,1042,22,1043,22,1044,22,1045,22,1045,22,1044
1,4,1043,9,35,1043,36,1042,37,1041,38,1041,39,1041,40,1041,41,1041,42,1041,43,1041,44,1041,45,1041,46,1041,46,1042,46,1043,46,1044,46,1045,46,1045,45,1045,44,1045,43,1044,42,1044,42,1045,42,1045,41,1045,40,1045,39,1045,38,1045,37,1045,36,1045,35,1045,34,1045,34,1045,35,1045,35,1044
1,4,1043,9,82,1043,82,1042,82,1041,82,1041,82,1042,82,1043,82,1044,82,1045,82,1045,82,1044
1,4,1043,9,109,1043,109,1042,109,1041,110,1041,110,1042,110,1043,110,1044,110,1045,110,1045,109,1045,109,1045,109,1044
1,4,1043,9,136,1043,136,1042,136,1041,137,1041,137,1042,137,1043,137,1044,137,1045,137,1045,136,1045,136,1045,136,1044
1,4,1043,9,163,1043,163,1042,163,1041,164,1041,164,1042,164,1043,164,1044,164,1045,164,1045,163,1045,162,1045,162,1045,163,1045,163,1044
1,4,1043,9,190,1043,190,1042,190,1041,190,1041,190,1042,190,1043,190,1044,190,1045,190,1045,190,1044
1,4,1043,9,216,1043,216,1042,216,1041,217,1041,217,1042,217,1043,217,1044,217,1045,217,1045,216,1045,216,1045,216,1044
1,4,1043,9,243,1043,243,1042,243,1041,244,1041,244,1042,244,1043,244,1044,244,1045,244,1045,243,1045,243,1045,243,1044
1,4,1043,9,270,1043,270,1042,270,1042,271,1042,271,1041,271,1041,272,1041,273,1041,274,1041,275,1041,276,1041,277,1041,278,1041,279,1041,280,1041,281,1041,282,1041,282,1041,282,1042,282,1043,282,1044,282,1044,281,1044,281,1045,281,1045,280,1045,279,1045,278,1045,277,1045,276,1045,275,1045,274,1045,273,1045,272,1045,271,1045,270,1045,269,1045,269,1045,270,1045,270,1044
1,4,1042,9,296,1043,296,1042,296,1041,297,1041,297,1042,296,1043,296,1044,296,1045,296,1045,296,1044
1,4,1043,9,311,1043,312,1043,313,1043,314,1043,315,1043,316,1043,317,1043,318,1043,319,1044,319,1045,318,1045,317,1045,316,1045,315,1045,314,1045,313,1045,312,1045,311,1045,310,1045,309,1045,308,1045,308,1045,309,1045,309,1044,309,1044,310,1044
1,4,1043,9,360,1043,361,1042,362,1041,363,1041,364,1041,365,1041,366,1041,367,1041,368,1041,369,1041,370,1041,371,1041,372,1041,373,1041,373,1042,373,1043,373,1043,372,1043,372,1044,372,1044,371,1044,371,1045,371,1045,370,1045,369,1045,368,1045,367,1045,366,1045,365,1045,364,1045,363,1045,362,1045,361,1045,360,1045,360,1045,360,1044
1,4,1043,9,403,1043,403,1042,403,1042,404,1042,404,1041,404,1041,405,1041,406,1041,407,1041,408,1041,409,1041,410,1041,410,1042,410,1043,410,1043,409,1043,409,1043,409,1042,408,1042,407,1042,406,1042,406,1043,406,1043,405,1043,404,1043,403,1043,403,1044,403,1044
1,4,1043,9,412,1043,412,1042,412,1042,412,1043,412,1044,412,1044
1,4,1043,9,444,1043,444,1042,444,1042,445,1042,445,1041,445,1041,446,1041,447,1041,448,1041,449,1041,450,1041,451,1041,452,1041,453,1041,454,1041,455,1041,455,1042,455,1043,455,1044,455,1045,455,1045,454,1045,453,1045,452,1045,451,1045,450,1045,449,1045,448,1045,447,1045,446,1045,445,1045,444,1045,443,1045,443,1044
1,4,1043,9,474,1043,475,1043,476,1043,477,1043,478,1043,479,1043,480,1043,481,1043,482,1044,482,1045,481,1045,480,1045,479,1045,478,1045,477,1045,476,1045,475,1045,474,1045,473,1045,472,1045,471,1045,471,1045,472,1045,473,1044
1,4,1043,9,497,1043,497,1042,497,1042,498,1042,498,1041,498,1041,499,1041,500,1041,501,1041,502,1041,503,1041,504,1041,505,1041,506,1041,507,1041,508,1041,509,1041,509,1041,509,1042,509,1043,508,1044,508,1045,508,1045,507,1045,506,1045,505,1045,504,1045,503,1045,502,1045,501,1045,500,1045,499,1045,498,1045,497,1045,497,1045,497,1044
1,4,1043,9,523,1043,523,1042,523,1041,523,1041,523,1042,524,1042,524,1042,524,1043,524,1044,524,1045,524,1045,523,1045,523,1045,523,1044
1,4,1043,9,534,1043,534,1042,534,1041,535,1041,536,1041,537,1041,538,1041,539,1041,540,1041,541,1041,542,1041,543,1041,544,1041,544,1041,543,1042,542,1042,541,1042,541,1043,541,1043,540,1043,539,1043,538,1043,537,1043,536,1043,535,1044,535,1045,535,1045,534,1045,534,1045,534,1044
1,4,1043,9,581,1043,581,1042,581,1041,581,1041,581,1042,581,1043,581,1044,581,1045,581,1045,581,1044
1,4,1043,9,607,1043,607,1042,607,1042,608,1042,608,1041,608,1041,609,1041,610,1041,611,1041,612,1041,613,1041,614,1041,615,1041,616,1041,617,1041,618,1041,619,1041,619,1041,619,1042,619,1043,619,1044,619,1044,618,1044,618,1045,618,1045,617,1045,616,1045,615,1045,614,1045,613,1045,612,1045,611,1045,610,1045,609,1045,608,1045,607,1045,607,1045,607,1044
1,4,1043,9,637,1043,638,1042,638,1041,638,1041,639,1041,640,1041,641,1041,642,1041,643,1041,644,1041,645,1041,646,1041,647,1041,648,1041,649,1041,649,1041,649,1042,649,1043,649,1044,649,1044,648,1044,648,1045,648,1045,647,1045,646,1045,645,1045,644,1045,643,1045,642,1045,641,1045,640,1045,639,1045,638,1045,637,1045,637,1045,637,1044
1,4,1043,9,664,1043,664,1042,664,1041,664,1041,664,1042,664,1043,664,1044,665,1045,665,1045,664,1045,663,1045,663,1045,664,1045,664,1044
1,4,1042,9,690,1042,691,1041,691,1040,690,1040,690,1040,691,1040,692,1040,693,1040,694,1040,695,1040,696,1040,697,1040,698,1040,699,1040,700,1040,701,1040,701,1040,700,1040,700,1041,700,1041,699,1041,698,1042,697,1042,696,1042,695,1042,694,1042,693,1042,692,1042,691,1043,691,1044,691,1044,690,1044,690,1044,690,1043
1,4,1042,9,718,1042,718,1041,718,1040,719,1040,719,1041,719,1042,719,1043,719,1044,719,1044,718,1044,718,1044,718,1043
1,4,1042,9,745,1042,745,1041,745,1040,745,1040,745,1041,745,1042,745,1043,745,1044,745,1044,745,1043
1,4,1042,9,756,1042,756,1041,756,1040,756,1040,756,1041,756,1042,756,1043,756,1044,756,1044,756,1043
1,4,1042,9,787,1042,788,1042,789,1042,790,1042,791,1042,792,1042,793,1043,794,1043,794,1043,794,1044,794,1044,793,1044,792,1044,791,1044,790,1044,789,1044,788,1044,787,1044,786,1044,785,1044,784,1044,784,1044,785,1044,785,1043,785,1043,786,1043
1,4,1042,9,810,1042,810,1041,810,1041,811,1041,811,1040,811,1040,812,1040,813,1040,814,1040,815,1040,816,1040,817,1040,818,1040,819,1040,820,1040,821,1040,822,1040,822,1040,822,1041,822,1042,822,1043,822,1043,821,1043,821,1044,821,1044,820,1044,819,1044,818,1044,817,1044,816,1044,815,1044,814,1044,813,1044,812,1044,811,1044,810,1044,810,1044,810,1043
1,4,1042,9,836,1042,836,1041,836,1040,837,1040,837,1041,837,1042,837,1043,837,1044,837,1044,836,1044,836,1044,836,1043
1,4,1042,9,862,1042,862,1041,862,1040,863,1040,863,1041,863,1042,863,1043,863,1044,863,1044,862,1044,862,1044,862,1043
1,4,1042,9,889,1042,889,1041,889,1040,890,1040,891,1040,892,1040,893,1040,894,1040,895,1040,896,1040,897,1040,898,1040,899,1040,899,1040,898,1040,897,1040,897,1041,897,1041,896,1041,895,1042,894,1042,893,1042,892,1042,891,1042,890,1043,890,1044,890,1044,889,1044,889,1044,889,1043
1,4,1042,9,921,1042,921,1041,921,1040,921,1040,921,1041,921,1042,921,1043,921,1044,921,1044,921,1043
1,4,1045,9,922,1045,922,1045,922,1046,922,1047,921,1047,920,1047,920,1047,920,1046,920,1045,921,1044,921,1043,921,1043,921,1044,921,1045
1,4,1042,9,947,1042,947,1041,947,1040,948,1040,949,1040,950,1040,951,1040,952,1040,953,1040,954,1040,955,1040,956,1040,957,1040,957,1040,956,1040,955,1040,955,1041,955,1041,954,1041,953,1041,952,1041,952,1042,952,1042,951,1042,951,1042,951,1041,950,1041,949,1041,948,1041,948,1042,948,1042,947,1042,947,1043,947,1044,947,1044,947,1043
1,4,1041,9,978,1041,978,1040,978,1039,978,1039,978,1040,978,1041,978,1042,978,1043,978,1043,978,1042
1,6,1052,9,11,1052,11,1051,11,1050,12,1050,13,1050,14,1050,15,1050,15,1050,15,1051,15,1052,15,1053,16,1053,16,1053,16,1054,16,1054,15,1054,14,1054,13,1054,12,1054,11,1054,11,1054,11,1053
1,6,1052,9,21,1052,21,1051,21,1050,22,1050,22,1051,22,1052,22,1053,22,1054,22,1054,21,1054,21,1054,21,1053
1,6,1052,9,33,1052,33,1051,33,1050,34,1050,35,1050,36,1050,37,1050,38,1050,39,1050,40,1050,41,1050,42,1050,43,1050,44,1050,45,1050,46,1050,47,1050,48,1050,49,1050,50,1050,51,1050,52,1050,53,1050,54,1050,54,1051,54,1052,55,1052,55,1052,55,1053,55,1054,54,1054,53,1054,52,1054,51,1054,50,1054,49,1054,48,1054,47,1054,46,1054,45,1054,44,1054,43,1054,42,1054,41,1054,40,1054,39,1054,38,1054,37,1054,36,1054,35,1054,34,1054,33,1054,33,1054,33,1053
1,6,1052,9,81,1052,81,1051,81,1050,82,1050,82,1051,82,1052,82,1053,82,1054,82,1054,81,1054,81,1054,81,1053
1,6,1052,9,109,1052,109,1051,109,1050,110,1050,110,1051,110,1052,110,1053,110,1054,110,1054,109,1054,109,1054,109,1053
1,6,1052,9,130,1052,131,1052,132,1052,133,1052,134,1052,135,1051,136,1050,137,1050,138,1050,139,1050,140,1050,141,1050,142,1050,143,1050,144,1050,145,1050,146,1050,147,1050,148,1050,149,1050,150,1050,151,1050,152,1050,153,1050,154,1050,155,1050,156,1050,157,1050,158,1050,159,1050,160,1050,161,1050,162,1050,163,1050,163,1050,162,1050,161,1050,160,1050,159,1050,158,1050,158,1051,158,1051,157,1051,156,1051,155,1051,155,1052,155,1052,154,1052,153,1052,152,1052,151,1052,150,1052,149,1053,148,1053,147,1053,146,1054,145,1054,144,1054,143,1054,142,1054,141,1054,140,1054,139,1054,138,1054,137,1054,136,1054,135,1054,134,1054,133,1054,132,1054,131,1054,130,1054,129,1054,128,1054,127,1054,126,1054,125,1054,124,1054,123,1054,122,1054,122,1054,123,1054,124,1054,125,1053,126,1053,127,1053,128,1053,129,1053
1,6,1052,9,190,1052,190,1051,190,1050,190,1050,190,1051,190,1052,190,1053,191,1054,191,1054,190,1054,190,1054,190,1053
1,6,1052,9,216,1052,216,1051,216,1050,217,1050,217,1051,217,1052,217,1053,217,1054,217,1054,216,1054,216,1054,216,1053
1,6,1052,9,243,1052,243,1051,243,1050,244,1050,244,1051,244,1052,244,1053,244,1054,244,1054,243,1054,243,1054,243,1053
1,6,1052,9,269,1052,269,1051,269,1050,270,1050,270,1051,270,1052,270,1053,270,1054,270,1054,269,1054,269,1054,269,1053
1,6,1051,9,296,1052,296,1051,296,1050,297,1050,297,1050,296,1050,296,1051,296,1052,296,1053,296,1054,296,1054,296,1053
1,6,1052,9,307,1052,307,1051,307,1050,308,1050,309,1050,310,1050,311,1050,312,1050,313,1050,314,1050,315,1050,316,1050,317,1050,317,1050,316,1051,315,1051,314,1051,314,1052,314,1052,313,1052,312,1052,311,1052,310,1052,309,1052,308,1053,308,1054,308,1054,307,1054,307,1054,307,1053
1,6,1052,9,360,1052,360,1051,360,1050,361,1050,361,1051,361,1052,361,1053,361,1054,361,1054,360,1054,360,1054,360,1053
1,6,1052,9,387,1052,387,1051,387,1051,388,1051,388,1050,388,1050,389,1050,390,1050,391,1050,392,1050,393,1050,394,1050,395,1050,396,1050,397,1050,398,1050,399,1050,399,1050,399,1051,399,1052,399,1053,399,1053,398,1053,398,1054,398,1054,397,1054,396,1054,395,1054,394,1054,393,1054,392,1054,391,1054,390,1054,389,1054,388,1054,387,1054,387,1054,387,1053
1,6,1052,9,417,1052,417,1051,417,1051,418,1051,418,1050,418,1050,419,1050,420,1050,421,1050,422,1050,423,1050,424,1050,425,1050,426,1050,427,1050,428,1050,429,1050,429,1050,429,1051,429,1052,429,1053,429,1053,428,1053,428,1054,428,1054,427,1054,426,1054,425,1054,424,1054,423,1054,422,1054,421,1054,420,1054,419,1054,418,1054,417,1054,417,1054,417,1053
1,6,1052,9,443,1052,443,1051,443,1050,444,1050,444,1051,444,1052,444,1053,444,1054,444,1054,443,1054,443,1054,443,1053
1,6,1052,9,470,1052,470,1051,470,1050,471,1050,472,1050,473,1050,474,1050,475,1050,476,1050,477,1050,478,1050,479,1050,480,1050,481,1050,481,1050,480,1050,479,1051,478,1051,477,1051,477,1052,477,1052,476,1052,475,1052,474,1052,473,1052,472,1052,471,1053,471,1054,471,1054,470,1054,470,1054,470,1053
1,6,1052,9,497,1052,497,1051,497,1050,497,1050,497,1051,497,1052,497,1053,497,1054,497,1054,497,1053
1,6,1052,9,523,1052,523,1051,523,1050,524,1050,524,1051,524,1052,524,1052,523,1052,523,1053,523,1054,523,1054,523,1053
1,6,1052,9,534,1052,534,1051,534,1050,535,1050,535,1051,535,1052,535,1053,535,1054,535,1054,534,1054,534,1054,534,1053
1,6,1052,9,581,1052,581,1051,581,1050,581,1050,581,1051,581,1052,581,1053,581,1054,581,1054,581,1053
1,6,1052,9,607,1052,607,1051,607,1050,608,1050,608,1051,608,1052,608,1053,608,1054,608,1054,607,1054,607,1054,607,1053
1,6,1052,9,637,1052,637,1051,637,1050,638,1050,638,1051,638,1052,638,1053,638,1054,638,1054,637,1054,637,1054,637,1053
1,6,1052,9,663,1052,663,1051,663,1051,664,1051,664,1050,664,1050,664,1051,664,1052,664,1053,664,1054,664,1054,663,1054,663,1054,663,1053
1,6,1052,9,690,1052,690,1051,690,1051,691,1051,691,1050,691,1050,691,1051,691,1052,691,1053,691,1054,691,1054,690,1054,690,1054,690,1053
1,6,1051,9,718,1051,718,1050,718,1049,719,1049,719,1050,719,1051,719,1052,719,1053,719,1053,718,1053,718,1053,718,1052
1,6,1051,9,744,1051,744,1050,744,1049,745,1049,745,1050,745,1051,745,1052,745,1053,745,1053,744,1053,744,1053,744,1052
1,6,1051,9,755,1051,756,1050,756,1049,755,1049,755,1049,756,1049,756,1050,756,1051,756,1052,756,1053,756,1053,755,1053,755,1053,755,1052
1,6,1051,9,782,1051,782,1050,782,1049,783,1049,784,1049,785,1049,786,1049,787,1049,788,1049,789,1049,790,1049,791,1049,792,1049,793,1049,793,1049,792,1049,791,1050,790,1051,789,1051,788,1051,787,1051,786,1051,785,1051,784,1051,783,1052,783,1053,783,1053,782,1053,782,1053,782,1052
1,6,1051,9,809,1051,810,1050,810,1049,809,1049,809,1049,810,1049,810,1050,810,1051,810,1052,810,1053,810,1053,809,1053,809,1053,809,1052
1,6,1051,9,836,1051,836,1050,836,1049,837,1049,837,1050,837,1051,837,1052,837,1053,837,1053,836,1053,836,1053,836,1052
1,6,1051,9,862,1051,862,1050,862,1049,863,1049,863,1050,863,1051,863,1052,863,1053,863,1053,862,1053,862,1053,862,1052
1,6,1051,9,889,1051,889,1050,889,1049,890,1049,890,1050,890,1051,890,1052,890,1053,890,1053,889,1053,889,1053,889,1052
1,6,1051,9,921,1051,921,1050,921,1049,922,1049,922,1049,921,1049,921,1050,921,1051,921,1052,921,1053,920,1053,920,1052
1,6,1054,9,922,1054,922,1054,922,1055,922,1056,921,1056,920,1056,920,1056,920,1055,920,1054,920,1053,920,1052,921,1052,921,1053,921,1054
1,6,1051,9,947,1051,947,1050,947,1049,947,1049,947,1050,947,1051,947,1052,947,1053,946,1053,946,1052
1,6,1051,9,978,1051,978,1050,978,1049,978,1049,978,1050,978,1051,978,1052,978,1053,977,1053,977,1052
1,8,1061,9,12,1061,12,1060,12,1059,13,1059,14,1059,15,1059,16,1059,16,1059,16,1060,17,1060,17,1060,17,1061,17,1062,17,1063,17,1063,16,1063,15,1063,14,1063,13,1063,13,1062,13,1061,12,1061
1,8,1061,9,22,1061,22,1060,21,1059,21,1059,22,1059,22,1059,22,1060,22,1061,22,1062,22,1063,21,1063,21,1063,22,1063,22,1062
1,8,1061,9,35,1061,35,1060,34,1059,34,1059,35,1059,36,1059,37,1059,38,1059,38,1060,38,1061,39,1061,39,1061,39,1062,40,1062,41,1062,42,1063,43,1063,43,1063,42,1063,41,1063,40,1063,39,1063,38,1063,37,1063,37,1063,37,1062,36,1062,36,1062,36,1061,35,1061
1,8,1061,9,47,1061,47,1060,47,1059,48,1059,49,1059,50,1059,51,1059,52,1059,53,1059,54,1059,55,1059,55,1059,55,1060,55,1061,54,1062,53,1063,52,1063,51,1063,50,1063,49,1063,48,1063,47,1063,47,1063,47,1062
1,8,1061,9,81,1061,81,1060,81,1059,82,1059,82,1060,82,1061,83,1062,84,1062,85,1062,86,1062,87,1062,88,1062,89,1061,90,1061,91,1061,92,1061,93,1061,94,1060,95,1060,96,1060,97,1060,98,1060,98,1059,98,1059,99,1059,100,1059,101,1059,102,1059,103,1059,104,1059,105,1059,106,1059,107,1059,108,1059,109,1059,110,1059,111,1059,112,1059,113,1059,114,1059,115,1059,116,1059,117,1059,118,1059,119,1059,120,1059,121,1059,122,1059,123,1059,123,1059,122,1059,121,1059,120,1059,119,1059,118,1060,117,1060,116,1060,115,1060,114,1060,113,1061,112,1061,111,1061,110,1061,109,1061,109,1062,109,1062,108,1062,107,1062,106,1062,105,1063,104,1063,103,1063,102,1063,101,1063,100,1063,99,1063,98,1063,97,1063,96,1063,95,1063,94,1063,93,1063,92,1063,91,1063,90,1063,89,1063,88,1063,87,1063,86,1063,85,1063,84,1063,83,1063,82,1063,81,1063,81,1063,81,1062
1,8,1061,9,197,1061,197,1060,196,1060,195,1060,194,1060,193,1060,192,1059,191,1059,190,1059,190,1059,191,1059,192,1059,193,1059,194,1059,195,1059,196,1059,197,1059,198,1059,199,1059,200,1059,201,1059,202,1059,203,1059,204,1059,205,1059,206,1059,207,1059,208,1059,209,1059,210,1059,211,1059,212,1059,213,1059,214,1059,215,1059,216,1059,217,1059,217,1059,217,1060,218,1061,219,1061,220,1061,221,1061,222,1061,223,1062,224,1062,225,1062,226,1062,226,1062,226,1063,227,1063,228,1063,229,1063,230,1063,230,1063,229,1063,228,1063,227,1063,226,1063,225,1063,224,1063,223,1063,222,1063,221,1063,220,1063,219,1063,218,1063,217,1063,216,1063,215,1063,214,1063,213,1063,212,1063,211,1063,210,1063,209,1063,208,1063,207,1063,206,1063,205,1062,204,1062,203,1062,202,1062,201,1062,200,1061,199,1061,198,1061,197,1061
1,8,1061,9,243,1061,243,1060,243,1059,244,1059,244,1060,244,1061,244,1062,244,1063,244,1063,243,1063,243,1063,243,1062
1,8,1061,9,269,1061,269,1060,269,1059,270,1059,270,1060,270,1061,270,1062,270,1063,270,1063,269,1063,269,1063,269,1062
1,8,1061,9,296,1061,296,1060,296,1059,297,1059,297,1060,297,1061,297,1062,296,1063,296,1063,296,1062
1,8,1061,9,307,1061,307,1060,307,1059,308,1059,308,1060,308,1061,308,1062,308,1063,308,1063,307,1063,307,1063,307,1062
1,8,1061,9,360,1061,360,1060,360,1059,361,1059,361,1060,361,1061,361,1062,361,1063,361,1063,360,1063,360,1063,360,1062
1,8,1061,9,387,1061,387,1060,387,1059,388,1059,388,1060,388,1061,388,1062,388,1063,388,1063,387,1063,387,1063,387,1062
1,8,1061,9,417,1061,417,1060,417,1059,418,1059,418,1060,418,1061,418,1062,418,1063,418,1063,417,1063,417,1063,417,1062
1,8,1061,9,443,1061,443,1060,443,1059,444,1059,444,1060,444,1061,444,1062,444,1063,444,1063,443,1063,443,1063,443,1062
1,8,1061,9,470,1061,470,1060,470,1059,471,1059,471,1060,471,1061,471,1062,471,1063,471,1063,470,1063,470,1063,470,1062
1,8,1061,9,497,1061,497,1060,497,1059,497,1059,497,1060,497,1061,497,1062,497,1063,497,1063,497,1062
1,8,1061,9,523,1061,523,1060,523,1059,524,1059,524,1060,524,1061,524,1061,523,1061,523,1062,523,1063,523,1063,523,1062
1,8,1061,9,534,1061,534,1060,534,1059,535,1059,535,1060,535,1061,535,1062,535,1063,535,1063,534,1063,534,1063,534,1062
1,8,1061,9,581,1061,581,1060,581,1059,581,1059,581,1060,582,1061,583,1062,584,1063,585,1063,586,1063,586,1063,585,1063,584,1063,583,1063,582,1063,581,1063,581,1063,581,1062
1,8,1061,9,607,1061,607,1060,607,1059,608,1059,608,1060,608,1061,608,1062,608,1063,608,1063,607,1063,607,1063,607,1062
1,8,1061,9,637,1061,637,1060,637,1059,638,1059,638,1060,638,1061,638,1062,638,1063,638,1063,637,1063,637,1063,637,1062
1,8,1061,9,663,1061,663,1060,663,1059,664,1059,664,1060,664,1061,664,1062,664,1063,664,1063,663,1063,663,1063,663,1062
1,8,1061,9,690,1061,690,1060,690,1059,691,1059,691,1060,691,1061,691,1062,691,1063,691,1063,690,1063,690,1063,690,1062
1,8,1061,9,714,1061,715,1061,716,1061,717,1061,718,1061,718,1060,718,1059,719,1059,719,1060,719,1061,719,1062,719,1063,719,1063,718,1063,717,1063,716,1063,715,1063,714,1063,713,1063,712,1063,711,1063,710,1063,709,1063,708,1063,707,1063,706,1063,705,1063,704,1063,703,1063,702,1063,701,1063,701,1063,702,1063,703,1063,704,1063,705,1063,706,1063,707,1063,708,1063,708,1062,708,1062,709,1062,710,1062,711,1062,712,1062,713,1062
1,8,1060,9,744,1060,744,1059,744,1058,745,1058,745,1059,745,1060,745,1061,745,1062,745,1062,744,1062,744,1062,744,1061
1,8,1060,9,755,1060,755,1059,755,1058,756,1058,756,1059,756,1060,756,1061,756,1062,756,1062,755,1062,755,1062,755,1061
1,8,1060,9,782,1060,782,1059,782,1058,783,1058,783,1059,783,1060,783,1061,783,1062,783,1062,782,1062,782,1062,782,1061
1,8,1060,9,809,1060,809,1059,809,1058,810,1058,810,1059,810,1060,810,1061,810,1062,810,1062,809,1062,809,1062,809,1061
1,8,1060,9,836,1060,836,1059,836,1058,837,1058,837,1059,837,1060,837,1061,837,1062,837,1062,836,1062,836,1062,836,1061
1,8,1060,9,862,1060,862,1059,862,1058,863,1058,863,1059,863,1060,864,1061,865,1062,866,1062,867,1062,868,1062,869,1062,870,1062,871,1062,872,1062,873,1062,874,1062,875,1062,876,1062,877,1062,878,1062,879,1062,880,1062,881,1062,882,1062,883,1062,884,1062,885,1062,886,1062,887,1062,888,1062,889,1061,889,1060,889,1059,889,1058,889,1058,890,1058,890,1058,890,1059,890,1060,890,1061,891,1062,892,1062,893,1062,894,1062,895,1062,896,1062,897,1062,898,1062,899,1062,900,1062,901,1062,902,1062,903,1062,904,1062,905,1062,906,1062,907,1062,908,1062,909,1062,910,1062,911,1062,912,1062,913,1062,914,1062,915,1062,916,1062,917,1062,918,1062,919,1062,920,1062,920,1061,920,1060,920,1059,920,1058,921,1058,921,1059,921,1060,922,1060,922,1060,922,1061,923,1062,924,1062,925,1062,926,1062,927,1062,928,1062,929,1062,930,1062,931,1062,932,1062,933,1062,934,1062,935,1062,936,1062,937,1062,938,1062,939,1062,940,1062,941,1062,942,1062,943,1062,944,1062,945,1062,946,1062,946,1061,946,1060,946,1059,946,1059,947,1059,947,1058,947,1058,947,1059,947,1060,947,1061,947,1062,947,1062,946,1062,945,1062,944,1062,943,1062,942,1062,941,1062,940,1062,939,1062,938,1062,937,1062,936,1062,935,1062,934,1062,933,1062,932,1062,931,1062,930,1062,929,1062,928,1062,927,1062,926,1062,925,1062,924,1062,923,1062,922,1062,921,1062,920,1062,919,1062,918,1062,917,1062,916,1062,915,1062,914,1062,913,1062,912,1062,911,1062,910,1062,909,1062,908,1062,907,1062,906,1062,905,1062,904,1062,903,1062,902,1062,901,1062,900,1062,899,1062,898,1062,897,1062,896,1062,895,1062,894,1062,893,1062,892,1062,891,1062,890,1062,889,1062,888,1062,887,1062,886,1062,885,1062,884,1062,883,1062,882,1062,881,1062,880,1062,879,1062,878,1062,877,1062,876,1062,875,1062,874,1062,873,1062,872,1062,871,1062,870,1062,869,1062,868,1062,867,1062,866,1062,865,1062,864,1062,863,1062,862,1062,862,1062,862,1061
1,8,1060,9,977,1060,977,1059,977,1058,978,1058,978,1059,978,1060,978,1061,978,1062,978,1062,977,1062,977,1062,977,1061
