1,1,901,9,13,901,13,900,13,899,14,898,15,898,16,898,17,898,18,898,18,898,18,899,18,900,18,901,18,901,17,901,17,902,17,903,17,904,17,905,16,905,15,905,14,905,13,905,13,905,13,904,13,903,13,902
1,1,901,9,22,901,22,900,22,899,22,898,22,898,23,898,23,898,23,899,23,900,23,901,23,902,23,903,23,904,23,905,23,905,22,905,22,905,22,904,22,903,22,902
1,1,901,9,36,901,36,900,36,900,37,900,38,900,39,900,39,900,39,901,39,902,39,903,39,903,38,903,38,904,38,904,37,904,37,905,37,905,36,905,35,905,35,904,36,903,36,902
1,1,901,9,42,901,42,900,42,900,43,900,44,900,45,900,46,900,47,900,47,900,47,901,47,902,47,903,48,904,49,905,49,905,48,905,47,905,46,905,45,905,44,904,43,903,42,903,42,903,42,902
1,1,901,9,54,901,54,900,54,900,55,900,55,900,55,901,55,902,55,903,56,904,56,905,55,905,54,905,53,905,52,905,52,905,52,904,52,904,53,904,54,903,54,902
1,1,901,9,93,901,93,900,93,899,93,898,93,897,94,897,94,898,94,899,95,899,95,899,95,900,95,901,95,902,95,902,94,902,94,903,94,904,93,904,93,903,93,902
1,1,901,9,117,901,117,900,117,899,117,898,117,897,118,897,118,898,118,899,118,900,118,901,118,902,118,903,118,904,117,904,117,903,117,902
1,1,901,9,140,901,140,900,140,899,141,898,141,897,141,897,141,898,141,899,141,900,141,901,141,902,141,903,141,904,141,904,141,903,140,902
1,1,902,9,273,902,273,901,273,900,273,899,273,898,273,898,273,899,273,900,273,901,273,902,273,903,273,904,273,905,273,905,273,904,273,903
1,1,902,9,295,902,295,901,295,901,296,901,296,901,296,902,296,903,296,904,297,905,297,905,296,905,295,905,295,904,295,903
1,1,901,9,356,901,356,900,356,900,357,900,357,900,357,901,358,901,358,901,358,902,358,903,358,904,358,904,357,904,356,904,356,903,356,902
1,1,901,9,418,901,418,900,418,900,419,900,419,900,419,901,419,902,419,903,419,904,418,904,418,903,418,902
1,1,901,9,455,901,455,900,455,899,455,898,455,898,456,898,456,898,456,899,456,900,456,901,456,902,456,903,456,904,456,905,456,905,455,905,455,905,455,904,455,903,455,902
1,1,901,9,501,901,501,900,501,900,502,900,502,900,502,901,502,902,502,903,503,904,503,904,502,904,501,904,501,903,501,902
1,1,901,9,562,901,562,900,562,900,563,900,563,900,563,901,563,902,563,903,563,904,562,904,562,903,562,902
1,1,901,9,624,901,624,900,624,899,624,898,624,897,625,897,625,898,625,899,625,900,625,901,625,902,625,903,625,904,624,904,624,903,624,902
1,1,901,9,646,901,646,900,646,900,647,900,647,900,647,901,647,902,647,903,648,904,648,904,647,904,646,904,646,903,646,902
1,1,901,9,707,901,707,900,707,900,708,900,709,900,709,901,709,902,709,903,709,904,709,904,708,904,707,904,707,903,707,902
1,1,901,9,769,901,769,900,769,900,770,900,770,900,770,901,770,902,770,903,771,903,771,903,771,904,771,904,770,904,769,904,769,903,769,902
1,1,901,9,806,901,806,900,806,899,806,898,806,897,807,897,807,898,807,899,807,900,807,901,807,902,807,903,807,904,806,904,806,903,806,902
1,1,901,9,852,901,852,900,852,900,853,900,853,900,853,901,853,902,853,903,854,903,854,903,854,904,854,904,853,904,852,904,852,903,852,902
1,1,900,9,912,900,912,899,912,899,913,899,913,899,913,900,913,901,913,902,913,903,912,903,912,902,912,901
1,1,900,9,978,900,978,899,978,898,978,897,978,896,979,896,979,897,979,898,979,899,979,900,979,901,979,902,979,903,978,903,978,902,978,901
1,3,910,9,12,910,12,909,12,908,12,907,12,907,13,907,14,907,15,907,16,907,16,908,16,909,16,910,16,911,16,912,16,913,16,914,15,914,14,914,13,914,12,914,12,914,12,913,12,912,12,911
1,3,910,9,22,910,22,909,22,908,22,907,22,907,23,907,23,907,23,908,23,909,23,910,23,911,23,912,23,913,23,914,23,914,22,914,22,914,22,913,22,912,22,911
1,3,910,9,33,910,33,909,33,908,33,907,33,907,34,907,35,907,36,907,37,907,38,907,39,907,40,907,40,907,40,908,41,908,41,908,41,909,42,909,42,909,42,910,42,911,42,912,42,912,41,912,41,913,41,913,40,913,40,914,40,914,39,914,38,914,37,914,36,914,35,914,35,914,35,913,34,912,33,911
1,3,910,9,46,910,46,909,46,908,46,907,46,907,47,907,48,907,49,907,50,907,51,907,52,907,53,907,54,907,55,907,56,907,56,907,55,907,55,908,55,909,55,910,55,911,55,912,56,913,57,914,57,914,56,914,55,914,54,914,53,914,52,914,51,914,50,914,49,914,48,914,47,914,46,914,46,914,46,913,46,912,46,911
1,3,911,9,93,911,93,910,93,909,93,908,93,907,94,907,94,908,94,909,94,910,94,911,94,912,94,913,94,914,93,914,93,913,93,912
1,3,911,9,108,911,108,910,108,910,109,910,110,910,111,910,112,910,113,910,114,910,115,910,116,909,117,908,117,907,117,907,118,907,118,907,118,908,118,909,118,910,118,911,118,912,118,913,118,914,118,914,117,914,116,914,115,914,114,914,113,914,112,914,111,914,110,914,109,914,108,914,107,914,106,914,106,914,107,914,107,913,107,913,108,913,108,912
1,3,910,9,140,910,140,909,140,909,141,909,141,908,141,907,141,906,141,906,141,907,141,908,142,908,142,908,142,909,142,910,142,911,142,911,141,911,141,912,141,913,141,913,141,912,140,912,140,912,140,911
1,3,910,9,189,910,190,909,190,909,190,910,190,911,190,912,190,912,189,912,189,913,189,913,189,912,189,911
1,3,911,9,236,911,236,910,236,909,236,908,236,907,237,907,237,908,237,909,237,910,237,911,237,912,237,913,237,914,236,914,236,913,236,912
1,3,911,9,273,911,273,910,273,909,273,908,273,907,273,907,273,908,273,909,273,910,273,911,273,912,273,913,273,914,273,914,273,913,273,912
1,3,911,9,295,911,295,910,295,909,295,908,295,907,296,907,297,907,297,907,297,908,298,908,298,908,298,909,299,910,300,910,301,910,301,911,301,912,302,913,302,914,301,914,300,914,299,914,298,914,298,914,298,913,297,913,296,914,295,914,295,913,295,912
1,3,911,9,312,911,312,910,312,910,313,910,313,909,313,908,313,907,312,907,312,907,313,907,314,907,315,907,316,908,317,909,318,910,318,911,318,912,318,913,318,914,318,914,317,914,316,914,315,914,314,914,313,914,312,914,312,913,312,912
1,3,910,9,356,910,356,909,356,908,356,907,356,906,357,906,358,906,358,906,358,907,359,907,359,907,359,908,360,909,361,909,362,909,363,909,363,909,363,910,363,911,363,912,363,913,362,913,361,913,360,913,359,913,358,913,357,913,356,913,356,912,356,911
1,3,910,9,374,910,374,909,374,908,374,907,374,907,375,907,376,907,377,907,377,907,377,908,378,908,378,908,378,909,379,909,379,909,379,910,380,910,380,910,380,911,380,912,380,913,380,914,379,914,378,914,377,914,376,914,375,914,374,914,373,914,373,914,374,914,374,913,374,912,374,911
1,3,910,9,417,910,417,909,417,908,418,907,419,907,420,907,420,907,420,908,421,908,421,908,421,909,422,909,423,909,424,909,424,909,424,910,424,911,424,912,425,913,425,914,424,914,423,914,422,914,421,914,421,914,421,913,420,913,419,914,418,914,418,913,418,912,417,911
1,3,910,9,432,910,433,910,434,910,435,910,435,911,435,912,436,913,437,914,437,914,436,914,435,914,434,914,433,914,432,914,431,914,431,914,432,914,432,913,432,912,432,911
1,3,910,9,455,910,455,909,455,908,455,907,455,907,456,907,456,907,456,908,456,909,456,910,456,911,456,912,456,913,456,914,456,914,455,914,455,914,455,913,455,912,455,911
1,3,910,9,467,910,467,909,467,909,468,909,468,909,468,910,469,910,470,910,470,911,470,912,471,913,471,914,470,914,469,914,468,914,467,914,466,914,466,913,467,912,467,911
1,3,911,9,501,911,501,910,501,909,501,908,501,907,502,907,503,907,503,907,503,908,504,908,504,908,504,909,505,909,505,909,505,910,506,910,507,910,507,911,507,912,508,913,509,914,509,914,508,914,507,914,506,914,505,914,504,913,503,913,502,914,501,914,501,913,501,912
1,3,910,9,519,910,519,909,519,908,519,907,519,907,520,907,521,907,522,908,523,909,524,910,525,910,525,910,525,911,525,912,525,913,525,913,524,913,524,914,524,914,523,914,522,914,521,914,520,914,519,914,518,914,518,913,519,912,519,911
1,3,910,9,562,910,562,909,562,908,562,907,562,907,563,907,563,907,563,908,563,909,563,910,563,911,563,912,563,913,563,914,563,914,562,914,562,914,562,913,562,912,562,911
1,3,910,9,599,910,599,909,599,908,599,907,599,906,600,906,600,907,600,908,600,909,600,910,600,911,599,912,599,913,599,913,599,912,599,911
1,3,910,9,624,910,624,909,624,908,624,907,624,906,625,906,625,907,625,908,625,909,625,910,625,911,625,912,625,913,624,913,624,912,624,911
1,3,910,9,646,910,646,909,646,908,646,907,646,906,647,906,648,906,648,906,648,907,649,907,649,907,649,908,650,909,651,909,652,909,653,909,653,909,653,910,653,911,653,912,653,913,652,913,651,913,650,913,649,913,648,913,647,913,646,913,646,912,646,911
1,3,910,9,664,910,664,909,664,908,664,907,663,906,663,906,664,906,665,906,666,906,666,906,666,907,667,907,667,907,667,908,668,908,668,908,668,909,669,909,670,909,670,910,670,911,670,912,670,913,670,913,669,913,668,913,667,913,666,913,665,913,664,913,663,913,663,913,664,912,664,911
1,3,910,9,707,910,707,909,707,908,707,907,707,906,708,906,709,906,710,906,710,907,710,908,711,908,711,908,711,909,712,909,713,909,714,909,714,909,714,910,714,911,714,912,715,913,715,913,714,913,713,913,712,913,711,913,710,913,709,913,708,913,707,913,707,912,707,911
1,3,910,9,725,910,725,909,725,909,726,909,726,908,725,907,725,906,726,906,727,906,728,906,729,907,730,908,731,909,732,909,732,909,732,910,732,911,732,912,732,912,731,912,731,913,731,913,730,913,729,913,728,913,727,913,726,913,725,913,725,912,725,911
1,3,910,9,768,910,768,909,768,908,769,907,769,906,769,906,770,906,771,906,772,907,773,908,774,909,775,909,776,909,776,910,776,911,776,912,776,913,777,913,777,913,776,913,775,913,774,913,773,913,772,913,771,913,770,913,769,913,769,913,769,912,768,911
1,3,910,9,783,910,783,909,783,909,784,909,785,909,786,909,787,909,787,910,787,911,787,912,787,913,788,913,788,913,787,913,786,913,785,913,784,913,783,913,783,912,783,911
1,3,910,9,806,910,806,909,806,908,806,907,806,906,807,906,807,907,807,908,807,909,807,910,807,911,807,912,807,913,806,913,806,912,806,911
1,3,910,9,819,910,819,909,819,909,820,909,821,909,821,910,821,911,822,912,822,913,821,913,820,913,819,913,818,913,817,913,817,913,818,913,818,912,818,912,819,912,819,911
1,3,910,9,852,910,852,909,852,908,852,907,852,906,853,906,854,906,855,906,855,907,855,908,856,908,856,908,856,909,857,909,858,909,859,909,859,909,859,910,859,911,859,912,860,913,860,913,859,913,858,913,857,913,856,913,855,912,854,912,854,913,854,913,853,913,852,913,852,912,852,911
1,3,910,9,869,910,869,909,869,908,869,907,869,906,870,906,871,906,871,906,871,907,872,907,872,907,872,908,873,908,874,908,875,909,875,910,875,911,875,912,874,913,873,913,872,913,871,913,870,913,869,913,868,913,868,913,869,912,869,911
1,3,909,9,912,909,912,908,912,907,912,906,912,905,913,905,913,906,913,907,913,908,913,909,913,910,913,911,913,912,912,912,912,911,912,910
1,3,909,9,948,909,948,908,948,907,948,906,948,905,949,905,949,906,949,907,949,908,949,909,949,910,949,911,949,912,948,912,948,911,948,910
1,3,909,9,978,909,978,908,978,907,978,906,978,905,979,905,979,906,979,907,979,908,979,909,979,910,979,911,979,912,978,912,978,911,978,910
1,5,919,9,12,919,12,918,12,917,12,916,12,916,13,916,14,916,15,916,16,916,16,917,15,918,15,919,15,920,15,921,15,922,14,923,13,923,12,923,12,923,12,922,12,921,12,920
1,5,919,9,22,919,22,918,22,917,22,916,22,916,23,916,23,916,23,917,23,918,23,919,23,920,23,921,23,922,23,923,23,923,22,923,22,923,22,922,22,921,22,920
1,5,919,9,43,919,43,918,43,918,44,918,45,917,46,916,46,915,46,915,47,915,48,915,49,915,50,915,51,915,52,915,53,915,54,915,55,915,56,915,57,915,57,915,56,916,55,917,55,918,55,919,54,919,54,918,54,917,53,916,52,916,51,917,51,918,51,919,50,920,49,920,48,920,48,921,48,922,47,922,46,922,45,922,44,922,43,922,42,922,42,922,43,921,43,920
1,5,920,9,93,920,93,919,93,918,93,917,93,916,94,916,94,917,94,918,94,919,94,920,94,921,94,922,94,923,93,923,93,922,93,921
1,5,920,9,106,920,106,919,106,918,106,917,106,916,107,916,108,916,109,916,110,916,111,916,112,916,113,916,114,916,115,916,116,916,117,916,118,916,118,916,117,917,117,918,117,919,116,920,115,920,114,919,113,919,112,920,112,920,112,919,111,919,110,920,109,920,108,920,107,920,106,920
1,5,919,9,140,919,140,918,140,918,141,918,141,917,141,916,141,915,141,915,141,916,141,917,141,918,141,919,141,920,141,921,141,922,140,922,140,921,140,920
1,5,919,9,188,919,188,918,188,917,189,916,189,915,189,915,189,916,189,917,189,918,189,919,189,920,189,921,189,922,188,922,188,921,188,920
1,5,920,9,236,920,236,919,236,918,236,917,236,916,237,916,237,917,237,918,237,919,237,920,237,921,237,922,237,923,236,923,236,922,236,921
1,5,919,9,273,919,273,918,273,917,273,916,273,916,273,917,273,918,273,919,273,920,273,921,273,922,273,923,273,923,273,922,273,921,273,920
1,5,919,9,295,919,295,918,295,917,295,916,295,916,295,917,295,918,295,919,295,920,295,921,295,922,295,923,295,923,295,922,295,921,295,920
1,5,919,9,302,919,302,918,302,917,302,916,301,916,301,916,302,916,303,916,303,916,303,917,304,917,304,917,304,918,304,919,304,920,304,921,304,922,304,923,303,923,303,922,303,921,302,920
1,5,919,9,310,919,310,918,310,917,310,916,310,916,311,916,312,916,313,916,314,916,315,916,316,916,317,916,317,916,316,917,316,918,316,919,316,920,316,920,315,920,315,921,316,922,316,923,315,923,314,923,314,923,314,922,313,922,313,922,313,921,312,921,312,921,312,920,311,920,311,920,311,919,310,919
1,5,919,9,356,919,356,918,356,917,356,916,356,915,357,915,357,916,357,917,357,918,357,919,357,920,357,921,357,922,356,922,356,921,356,920
1,5,919,9,363,919,363,918,363,917,363,916,362,916,362,916,362,915,361,915,361,915,362,915,363,915,364,915,365,916,365,917,365,918,365,919,365,920,365,921,365,922,365,922,364,922,364,922,364,921,364,920,364,919,363,919
1,5,919,9,371,919,371,918,371,917,371,916,371,916,372,916,372,915,372,915,373,915,374,915,375,915,376,915,377,915,378,915,379,915,379,915,378,916,378,917,378,918,378,919,378,920,377,921,377,922,377,922,376,922,375,922,374,922,374,922,374,921,373,920,372,919,371,919
1,5,919,9,417,919,417,918,417,917,418,916,418,915,418,915,418,916,418,917,418,918,418,919,418,920,418,921,418,922,418,922,418,921,417,920
1,5,919,9,424,919,424,918,424,917,424,916,423,915,422,915,422,915,423,915,424,915,425,915,426,915,426,915,426,916,427,917,427,918,427,919,427,920,427,921,427,922,426,922,426,921,426,920,425,920,425,920,425,919,424,919
1,5,919,9,432,919,432,918,431,918,431,919
1,5,919,9,433,919,433,918,432,918,432,919
1,5,919,9,434,919,434,918,433,918,433,919
1,5,919,9,435,919,435,918,434,918,434,919
1,5,919,9,436,919,436,918,435,918,435,919
1,5,919,9,437,919,437,918,436,918,436,919
1,5,919,9,438,919,438,918,437,918,437,919
1,5,919,9,439,919,439,918,438,918,438,919
1,5,919,9,440,919,440,918,439,918,439,919
1,5,919,9,441,919,441,918,440,918,440,919
1,5,919,9,455,919,455,918,455,917,455,916,455,915,456,915,456,916,456,917,456,918,456,919,456,920,456,921,456,922,455,922,455,921,455,920
1,5,919,9,466,919,466,918,466,918,467,918,467,917,466,916,466,915,467,915,468,915,469,915,470,915,471,915,472,916,473,916,474,916,475,916,475,915,475,915,475,916,475,917,476,918,476,919,475,920,474,920,473,920,473,921,473,922,472,922,471,922,471,922,472,921,472,920,471,919,470,919,469,919,468,919,467,919,466,919
1,5,919,9,472,919,472,918,471,918,471,919
1,5,919,9,473,919,473,918,472,918,472,919
1,5,919,9,474,919,474,918,473,918,473,919
1,5,919,9,475,919,475,918,474,918,474,919
1,5,919,9,501,919,501,918,501,917,501,916,501,916,502,916,502,916,502,917,502,918,502,919,502,920,502,921,502,922,502,923,502,923,501,923,501,923,501,922,501,921,501,920
1,5,919,9,508,919,508,918,508,917,508,916,507,916,507,916,508,916,509,916,509,916,509,917,510,917,510,917,510,918,510,919,510,920,510,921,510,922,510,923,509,923,509,922,509,921,509,920,509,919,508,919
1,5,919,9,516,919,516,918,516,917,516,916,516,916,517,916,518,916,519,916,520,916,521,916,522,916,523,916,523,916,522,917,522,918,522,919,522,920,522,920,521,920,521,921,522,922,522,923,521,923,520,923,520,923,520,922,519,922,519,922,519,921,518,921,518,921,518,920,517,920,517,920,517,919,516,919
1,5,919,9,562,919,562,918,562,917,562,916,562,916,563,916,563,916,563,917,563,918,563,919,563,920,563,921,563,922,563,923,563,923,562,923,562,923,562,922,562,921,562,920
1,5,919,9,598,919,598,918,598,917,599,916,599,915,599,915,599,916,599,917,600,917,600,917,600,918,600,919,600,920,600,920,599,920,599,921,599,922,599,922,599,921,598,920
1,5,919,9,624,919,624,918,624,917,624,916,624,915,625,915,625,916,625,917,625,918,625,919,625,920,625,921,625,922,624,922,624,921,624,920
1,5,919,9,646,919,646,918,646,917,646,916,646,915,647,915,647,916,647,917,647,918,647,919,647,920,647,921,647,922,646,922,646,921,646,920
1,5,919,9,653,919,653,918,653,917,653,916,652,916,652,916,652,915,651,915,651,915,652,915,653,915,654,915,655,916,655,917,655,918,655,919,655,920,655,921,655,922,655,922,654,922,654,922,654,921,654,920,654,919,653,919
1,5,919,9,661,919,661,918,661,917,661,916,661,916,662,916,662,915,662,915,663,915,664,915,665,915,666,915,667,915,668,915,668,916,667,917,667,918,667,919,667,920,667,921,667,922,667,922,666,922,665,922,664,921,663,920,662,919,661,919
1,5,919,9,707,919,707,918,707,917,707,916,707,915,708,915,708,916,708,917,708,918,708,919,708,920,708,921,708,922,707,922,707,921,707,920
1,5,919,9,714,919,714,918,714,917,714,916,713,915,713,915,714,915,715,915,716,915,716,915,716,916,717,917,717,918,717,919,717,920,717,921,717,922,716,922,716,921,716,920,715,920,715,920,715,919,714,919
1,5,919,9,723,919,723,918,723,917,723,916,723,915,724,915,725,915,726,915,727,915,728,915,729,915,730,915,730,915,729,915,729,916,729,917,729,918,729,919,729,920,729,920,728,920,728,921,729,922,729,922,728,922,727,922,726,922,726,922,726,921,725,920,724,919,723,919
1,5,919,9,769,919,769,918,769,917,769,916,769,915,770,915,770,916,770,917,770,918,770,919,770,920,770,921,770,922,769,922,769,921,769,920
1,5,919,9,776,919,776,918,776,917,776,916,775,915,775,915,776,915,777,915,778,916,779,917,779,918,779,919,779,920,778,921,778,922,778,922,777,922,777,922,777,921,777,920,777,919,776,919
1,5,919,9,783,919,783,918,783,917,783,916,783,915,784,915,785,915,786,915,787,915,788,915,789,915,790,915,791,915,792,915,792,916,792,917,793,917,793,917,793,918,793,919,792,919,791,919,790,920,790,921,790,921,789,921,789,922,789,922,788,922,788,922,788,921,788,920,788,919,787,919,786,919,785,919,784,919,783,919
1,5,919,9,806,919,806,918,806,917,806,916,806,915,807,915,807,916,807,917,807,918,807,919,807,920,807,921,807,922,806,922,806,921,806,920
1,5,919,9,818,919,818,918,818,917,818,916,817,915,817,915,818,915,819,915,820,915,821,915,822,915,823,915,824,915,825,915,826,915,827,915,827,916,827,917,828,918,828,919,827,919,826,919,825,920,824,921,824,922,824,922,823,922,822,922,822,922,823,922,823,921,823,920,823,919,822,919,821,919,820,919,819,919,818,919
1,5,919,9,852,919,852,918,852,917,852,916,852,915,853,915,853,916,853,917,853,918,853,919,853,920,853,921,853,922,852,922,852,921,852,920
1,5,919,9,859,919,859,918,859,917,859,916,858,915,858,915,859,915,860,915,861,915,861,915,861,916,861,917,861,918,861,919,861,920,861,921,861,922,861,922,860,922,860,922,860,921,860,920,860,919,859,919
1,5,919,9,866,919,866,918,866,917,866,916,866,915,867,915,868,915,869,915,870,915,871,915,872,915,873,915,873,916,873,917,873,918,872,919,872,920,872,921,872,922,872,922,871,922,870,922,869,921,869,920,869,919,868,919,867,919,866,919
1,5,918,9,912,918,912,917,912,916,912,915,912,914,913,914,913,915,913,916,913,917,913,918,913,919,913,920,913,921,912,921,912,920,912,919
1,5,918,9,948,918,948,917,948,916,948,915,948,914,949,914,949,915,949,916,949,917,949,918,949,919,949,920,949,921,948,921,948,920,948,919
1,5,918,9,978,918,978,917,978,916,978,915,978,914,979,914,979,915,979,916,979,917,979,918,979,919,979,920,979,921,978,921,978,920,978,919
1,7,928,9,13,928,13,927,13,926,13,925,12,925,12,925,13,925,14,925,15,925,15,926,15,927,15,928,15,929,16,930,16,931,16,932,17,932,17,932,16,932,15,932,15,932,15,931,14,931,14,931,14,930,14,929,14,928,13,928
1,7,928,9,22,928,22,927,22,926,22,925,22,925,23,925,23,925,23,926,23,927,23,928,23,929,23,930,23,931,23,932,23,932,22,932,22,932,22,931,22,930,22,929
1,7,928,9,35,928,35,927,35,927,36,927,37,927,38,927,39,926,40,925,41,925,42,925,43,925,44,925,45,925,45,925,44,925,44,926,44,927,44,928,44,928,43,928,42,928,41,928,41,929,41,929,40,929,39,930,38,930,37,930,37,931,37,931,36,931,35,931,35,930,35,929
1,7,929,9,93,929,93,928,93,927,93,926,93,925,94,925,94,926,94,927,94,928,94,929,94,930,94,931,94,932,93,932,93,931,93,930
1,7,928,9,129,928,129,927,129,927,130,927,130,926,130,926,131,926,131,925,131,925,132,925,133,924,134,924,135,924,136,924,137,924,138,924,139,924,140,924,141,924,141,924,141,925,141,926,141,927,141,928,141,929,141,929,140,929,140,930,140,930,139,930,139,931,139,931,138,931,137,931,136,931,135,931,134,931,133,931,132,931,131,931,130,931,130,931,130,930,129,930,129,930,129,929
1,7,928,9,188,928,188,927,188,926,188,925,188,924,189,924,189,925,189,926,189,927,189,928,189,929,189,930,189,931,188,931,188,930,188,929
1,7,928,9,236,928,236,927,236,926,236,925,236,925,237,925,237,925,237,926,237,927,237,928,237,929,237,930,237,931,237,932,237,932,236,932,235,932,235,932,236,932,236,931,236,930,236,929
1,7,929,9,272,929,272,928,272,927,273,926,273,925,273,925,273,926,273,927,273,928,273,929,273,930,273,931,273,932,272,932,272,932,273,932,273,931,272,930
1,7,929,9,286,929,286,928,286,928,287,928,288,928,289,928,290,928,291,928,292,928,293,928,294,927,295,926,295,925,295,925,295,926,295,927,295,928,295,929,295,930,295,931,296,931,296,931,295,932,294,932,293,932,292,932,291,932,290,932,289,932,288,932,287,932,286,932,285,932,284,932,284,932,285,932,285,931,285,931,286,931,286,930
1,7,929,9,301,929,301,928,301,928,302,928,302,927,302,926,302,925,302,925,303,925,304,925,304,926,304,927,304,928,304,929,304,929,303,929,302,930,301,931,301,931,301,930
1,7,929,9,309,929,309,928,309,927,309,926,309,926,310,926,310,925,310,925,311,925,312,925,313,925,314,925,315,925,316,925,317,925,317,925,317,926,317,927,317,928,317,928,316,928,315,928,314,928,314,929,314,929,313,929,313,930,313,931,313,932,313,932,312,932,311,932,310,932,310,932,310,931,309,931,309,931,309,930
1,7,928,9,348,928,348,927,348,927,349,927,350,927,351,927,352,927,353,927,354,927,355,927,356,926,356,925,356,924,357,924,357,925,357,926,357,927,357,928,357,929,357,930,357,931,356,931,355,931,354,931,353,931,352,931,351,931,350,931,349,931,348,931,347,931,346,931,346,931,347,931,347,930,347,930,348,930,348,929
1,7,928,9,362,928,362,927,362,927,363,927,364,926,364,925,364,924,365,924,365,925,365,926,365,927,365,928,365,928,364,928,364,929,364,929,363,929,363,930,363,930,362,930,362,930,362,929
1,7,928,9,370,928,370,927,370,926,371,925,372,925,373,925,374,925,375,925,375,924,375,924,376,924,377,924,378,924,378,924,378,925,379,925,379,925,379,926,380,926,380,926,380,927,380,928,380,929,380,929,379,929,378,929,377,928,376,928,376,929,376,929,375,929,374,930,374,931,374,931,373,931,372,931,371,931,371,931,371,930,370,930,370,930,370,929
1,7,928,9,409,928,409,927,409,927,410,927,411,927,412,927,413,927,414,927,415,927,416,927,417,926,418,925,418,924,418,924,418,925,418,926,419,926,419,926,419,927,419,928,419,929,419,929,418,929,418,930,418,931,417,931,416,931,415,931,414,931,413,931,412,931,411,931,410,931,409,931,408,931,408,931,409,930,409,929
1,7,928,9,410,928,410,927,409,927,409,928
1,7,928,9,411,928,411,927,410,927,410,928
1,7,928,9,412,928,412,927,411,927,411,928
1,7,928,9,413,928,413,927,412,927,412,928
1,7,928,9,414,928,414,927,413,927,413,928
1,7,928,9,415,928,415,927,414,927,414,928
1,7,928,9,416,928,416,927,415,927,415,928
1,7,928,9,417,928,417,927,416,927,416,928
1,7,928,9,418,928,418,927,417,927,417,928
1,7,928,9,423,928,423,927,423,927,424,927,425,926,425,925,425,925,426,925,426,924,426,924,427,924,427,924,427,925,427,926,427,927,427,928,426,929,425,929,424,929,424,930,424,931,424,931,424,930,423,930,423,930,423,929
1,7,928,9,435,928,435,927,435,926,435,925,435,925,436,925,436,924,436,924,437,924,437,924,437,925,437,925,436,925,436,926,436,927,436,928,436,928,435,928,435,929,435,929
1,7,928,9,455,928,455,927,455,926,455,925,455,924,456,924,456,925,456,926,456,927,456,928,456,929,456,930,456,931,455,931,455,930,455,929
1,7,928,9,469,928,469,927,469,926,470,925,471,925,471,926,471,927,471,928,471,929,471,929,470,929,469,929
1,7,928,9,492,928,493,928,494,928,495,928,496,928,497,928,498,928,499,928,500,928,500,927,500,927,501,927,501,926,501,925,502,925,502,926,502,927,502,928,502,929,502,930,502,931,502,932,501,932,500,932,499,932,498,932,497,932,496,932,495,932,494,932,493,932,492,932,491,932,490,932,490,932,491,931,492,930,492,929
1,7,928,9,507,928,507,927,507,927,508,927,508,926,508,926,509,926,509,925,509,925,510,925,510,925,510,926,510,927,510,928,510,928,509,928,509,929,509,929,508,929,508,930,508,930,507,930,507,931,507,931,507,930,507,929
1,7,928,9,514,928,514,927,514,927,515,927,515,926,515,926,516,926,516,925,516,925,517,925,518,925,519,925,520,925,521,925,522,925,523,925,523,925,523,926,523,927,523,928,523,928,522,928,521,928,520,928,520,929,520,929,519,929,519,930,519,931,519,932,519,932,518,932,517,932,516,932,516,932,516,931,515,931,515,931,515,930,514,930,514,930,514,929
1,7,928,9,553,928,553,927,553,927,554,927,555,927,556,927,557,927,558,927,559,927,560,927,561,927,562,927,562,926,562,925,562,924,562,924,563,924,563,924,563,925,563,926,563,927,563,928,563,929,563,930,563,931,563,931,562,931,561,931,560,931,559,931,558,931,557,931,556,931,555,931,554,931,553,931,552,931,552,931,553,930,553,929
1,7,928,9,598,928,598,927,598,926,599,925,599,924,599,924,599,925,599,926,600,926,600,926,600,927,600,928,600,929,600,929,599,929,599,930,599,931,598,931,598,930,598,929
1,7,928,9,624,928,624,927,624,926,624,925,624,924,625,924,625,925,625,926,625,927,625,928,625,929,625,930,625,931,624,931,624,930,624,929
1,7,928,9,637,928,637,927,637,927,638,927,639,927,640,927,641,927,642,927,643,927,644,927,645,927,646,927,646,926,646,925,646,924,646,924,647,924,647,924,647,925,647,926,647,927,647,928,647,929,647,930,647,931,647,931,646,931,645,931,644,931,643,931,642,931,641,931,640,931,639,931,638,931,637,931,636,931,636,931,636,930,636,930,637,930,637,929
1,7,928,9,651,928,651,927,651,927,652,927,653,926,653,925,653,925,654,925,654,924,654,924,655,924,655,924,655,925,655,926,655,927,655,928,654,928,653,928,653,929,653,930,652,930,651,930,651,930,651,929
1,7,928,9,660,928,660,927,660,926,661,925,662,924,663,924,664,924,665,924,666,924,667,924,668,924,668,924,668,925,669,925,669,925,669,926,669,927,669,928,669,928,668,928,667,928,666,928,665,928,664,928,664,929,664,930,664,931,664,931,663,931,662,931,661,931,661,931,661,930,660,930,660,930,660,929
1,7,928,9,699,928,699,927,699,927,700,927,701,927,702,927,703,927,704,927,705,927,706,927,707,926,707,925,707,924,708,924,708,925,708,926,709,927,709,928,708,929,708,930,708,931,707,931,706,931,705,931,704,931,703,931,702,931,701,931,700,931,699,931,698,931,697,931,697,931,698,931,698,930,698,930,699,930,699,929
1,7,928,9,700,928,700,927,699,927,699,928
1,7,928,9,701,928,701,927,700,927,700,928
1,7,928,9,702,928,702,927,701,927,701,928
1,7,928,9,703,928,703,927,702,927,702,928
1,7,928,9,704,928,704,927,703,927,703,928
1,7,928,9,705,928,705,927,704,927,704,928
1,7,928,9,706,928,706,927,705,927,705,928
1,7,928,9,707,928,707,927,706,927,706,928
1,7,928,9,708,928,708,927,707,927,707,928
1,7,928,9,713,928,713,927,713,927,714,927,715,926,715,925,715,924,716,924,717,924,717,924,716,925,716,926,716,927,716,928,716,928,715,928,714,929,714,930,714,930,713,930,713,930,713,929
1,7,928,9,721,928,721,927,721,926,722,925,723,924,724,924,725,924,726,924,727,924,728,924,729,924,730,924,730,925,730,926,730,927,730,928,730,928,729,928,728,928,727,928,726,929,726,930,726,931,725,931,724,931,723,931,722,930,721,929
1,7,928,9,760,928,760,927,760,927,761,927,762,927,763,927,764,927,765,927,766,927,767,927,768,926,769,925,769,924,769,924,770,924,770,924,770,925,770,926,770,927,770,928,770,929,770,930,770,931,770,931,769,931,768,931,767,931,766,931,765,931,764,931,763,931,762,931,761,931,760,931,759,931,758,931,758,931,759,931,759,930,759,930,760,930,760,929
1,7,928,9,775,928,775,927,775,927,776,927,776,926,776,925,777,924,778,924,778,925,778,926,778,927,778,928,778,928,777,928,776,929,775,930,775,930,775,929
1,7,928,9,786,928,786,927,786,926,786,925,786,925,787,925,787,924,787,924,788,924,788,924,788,925,788,926,788,927,788,928,787,928,786,928
1,7,928,9,806,928,806,927,806,926,806,925,806,924,807,924,807,925,807,926,807,927,807,928,807,929,807,930,807,931,806,931,806,930,806,929
1,7,928,9,821,928,821,927,821,926,821,925,821,924,822,924,823,924,823,924,822,925,822,926,822,927,822,928,822,928,821,928
1,7,928,9,843,928,843,927,843,927,844,927,845,927,846,927,847,927,848,927,849,927,850,927,851,927,852,927,852,926,852,925,852,924,852,924,853,924,853,924,853,925,853,926,853,927,853,928,853,929,853,930,853,931,853,931,852,931,851,931,850,931,849,931,848,931,847,931,846,931,845,931,844,931,843,931,842,931,842,931,842,930,842,930,843,930,843,929
1,7,928,9,859,928,859,927,859,926,859,925,859,925,860,925,860,924,860,924,861,924,861,924,861,925,861,926,861,927,861,928,860,928,859,928,859,929,859,929
1,7,928,9,865,928,865,927,865,926,865,925,865,925,866,925,866,924,866,924,867,924,868,924,869,924,870,924,871,924,872,924,873,924,874,924,874,925,874,926,874,927,873,927,872,927,871,927,870,927,870,928,870,928,869,928,869,929,869,930,869,931,869,931,868,931,867,931,866,931,866,931,866,930,865,929
1,7,927,9,903,927,903,926,903,926,904,926,905,926,906,926,907,926,908,926,909,926,910,926,911,926,912,926,912,925,912,924,912,923,912,923,913,923,913,923,913,924,913,925,913,926,913,927,913,928,913,929,913,930,913,930,912,930,911,930,910,930,909,930,908,930,907,930,906,930,905,930,904,930,903,930,902,930,902,930,903,929,903,928
1,7,927,9,948,927,948,926,948,925,948,924,948,923,949,923,949,924,949,925,949,926,949,927,949,928,949,929,949,930,948,930,948,929,948,928
1,7,927,9,978,927,978,926,978,925,978,924,978,923,979,923,979,924,979,925,979,926,979,927,979,928,979,929,979,930,978,930,978,929,978,928
1,9,937,9,17,937,17,936,16,935,16,934,17,934,18,934,18,934,18,935,18,936,18,937,18,937,17,937
1,9,937,9,23,937,23,936,23,935,23,934,23,934,23,935,23,936,23,937,23,938,23,938
1,9,938,9,93,938,93,937,93,936,93,935,93,934,94,934,94,935,94,936,94,937,94,938,94,939,94,940,94,941,93,941,93,940,93,939
1,9,938,9,179,938,179,937,179,937,180,937,181,937,182,937,183,937,184,937,185,937,186,937,187,937,188,937,188,936,188,935,188,934,188,934,189,934,189,934,189,935,190,936,190,937,190,938,190,939,189,940,189,941,190,941,190,941,189,941,188,941,187,941,186,941,185,941,184,941,183,941,182,941,181,941,180,941,179,941,178,941,178,941,178,940,178,940,179,940,179,939
1,9,938,9,225,938,225,937,225,936,226,935,227,934,228,934,229,934,230,934,231,934,232,934,233,934,234,934,235,934,236,934,237,934,237,934,237,935,237,936,237,937,237,938,236,939,235,940,234,941,233,941,232,941,231,941,230,941,229,941,228,941,227,941,226,941,226,941,226,940,225,940,225,940,225,939
1,9,938,9,272,938,272,937,272,936,272,935,272,934,273,934,273,935,273,936,273,937,273,938,273,938,272,938
1,9,938,9,284,938,284,937,283,937,283,938
1,9,938,9,285,938,285,937,284,937,284,938
1,9,938,9,286,938,286,937,285,937,285,938
1,9,938,9,287,938,287,937,286,937,286,938
1,9,938,9,288,938,288,937,287,937,287,938
1,9,938,9,289,938,289,937,288,937,288,938
1,9,938,9,290,938,290,937,289,937,289,938
1,9,938,9,291,938,291,937,290,937,290,938
1,9,938,9,292,938,292,937,291,937,291,938
1,9,938,9,293,938,293,937,292,937,292,938
1,9,938,9,294,938,294,937,293,937,293,938
1,9,938,9,345,938,345,937,345,936,345,935,345,934,346,934,347,934,348,934,349,934,350,934,351,934,352,934,353,934,354,934,355,934,356,934,357,934,357,934,356,935,356,936,356,937,356,938,356,938,355,938,354,938,353,938,352,938,351,938,350,938,349,938,348,938,347,938,346,938,345,938
1,9,938,9,406,938,406,937,406,936,406,935,406,935,407,935,407,934,407,934,408,934,409,934,410,934,411,934,412,934,413,934,414,934,415,934,416,934,417,934,418,934,418,934,418,935,418,935,417,935,417,936,417,937,417,938,417,938,416,938,415,938,414,938,413,938,412,938,411,938,410,938,409,938,408,938,407,938,406,938
1,9,938,9,455,938,455,937,455,936,455,935,455,934,456,934,456,935,456,936,456,937,456,938,456,938,455,938
1,9,938,9,490,938,490,937,489,937,489,938
1,9,938,9,491,938,491,937,490,937,490,938
1,9,938,9,492,938,492,937,491,937,491,938
1,9,938,9,493,938,493,937,492,937,492,938
1,9,938,9,494,938,494,937,493,937,493,938
1,9,938,9,495,938,495,937,494,937,494,938
1,9,938,9,496,938,496,937,495,937,495,938
1,9,938,9,497,938,497,937,496,937,496,938
1,9,938,9,498,938,498,937,497,937,497,938
1,9,938,9,499,938,499,937,498,937,498,938
1,9,938,9,500,938,500,937,499,937,499,938
1,9,938,9,551,938,551,937,551,936,551,935,551,934,552,934,553,934,554,934,555,934,556,934,557,934,558,934,559,934,560,934,561,934,562,934,563,934,563,934,562,935,562,936,562,937,562,938,562,938,561,938,560,938,559,938,558,938,557,938,556,938,555,938,554,938,553,938,552,938,551,938
1,9,938,9,588,938,588,937,588,936,589,935,590,934,591,934,592,934,593,934,594,934,595,934,596,934,597,934,598,934,599,934,600,934,600,934,600,935,600,936,600,937,600,938,599,939,598,940,597,940,596,940,596,941,596,941,595,941,594,941,593,941,592,941,591,941,590,941,589,941,589,941,589,940,588,940,588,940,588,939
1,9,937,9,624,937,624,936,624,935,624,934,624,933,625,933,625,934,625,935,625,936,625,937,625,937,624,937
1,9,937,9,635,937,635,936,635,935,635,934,635,933,636,933,637,933,638,933,639,933,640,933,641,933,642,933,643,933,644,933,645,933,646,933,647,933,647,933,646,934,646,935,646,936,646,937,646,937,645,937,644,937,643,937,642,937,641,937,640,937,639,937,638,937,637,937,636,937,635,937
1,9,937,9,664,937,664,936,664,935,664,934,664,934,665,934,665,934,665,935,665,936,665,937,665,938,664,938
1,9,937,9,696,937,696,936,696,935,696,934,696,933,697,933,698,933,699,933,700,933,701,933,702,933,703,933,704,933,705,933,706,933,707,933,708,933,708,933,708,934,708,934,707,934,707,935,707,936,707,937,707,937,706,937,705,937,704,937,703,937,702,937,701,937,700,937,699,937,698,937,697,937,696,937
1,9,937,9,727,937,727,936,727,935,727,934,726,934,726,934,726,933,725,933,724,933,724,933,725,933,726,933,727,933,727,933,727,934,727,935,727,936,727,937
1,9,937,9,758,937,758,936,758,935,758,934,758,933,759,933,760,933,761,933,762,933,763,933,764,933,765,933,766,933,767,933,768,933,769,933,770,933,770,933,769,934,769,935,769,936,769,937,769,937,768,937,767,937,766,937,765,937,764,937,763,937,762,937,761,937,760,937,759,937,758,937
1,9,937,9,806,937,806,936,806,935,806,934,806,933,807,933,807,934,807,935,807,936,807,937,807,937,806,937
1,9,937,9,841,937,841,936,841,935,841,934,841,933,842,933,843,933,844,933,845,933,846,933,847,933,848,933,849,933,850,933,851,933,852,933,853,933,853,933,853,934,853,934,852,934,852,935,852,936,852,937,852,937,851,937,850,937,849,937,848,937,847,937,846,937,845,937,844,937,843,937,842,937,841,937
1,9,936,9,901,936,901,935,901,934,901,933,901,933,902,933,903,933,904,933,905,933,906,933,907,933,908,933,909,933,910,933,911,933,912,933,913,933,913,933,912,933,912,934,912,935,912,936,912,937,911,937,910,937,910,937,910,936,909,936,908,936,907,936,906,936,905,936,904,936,903,936,902,936,901,936
1,9,936,9,937,936,937,935,937,935,938,935,938,934,938,934,939,934,939,933,939,933,940,933,940,932,940,932,941,932,942,932,943,932,944,932,945,932,946,932,947,932,948,932,949,932,949,932,949,933,949,934,949,935,949,936,949,937,949,937,948,937,948,938,948,938,947,938,947,939,947,939,946,939,945,939,944,939,943,939,942,939,941,939,940,939,939,939,938,939,938,939,938,938,937,938,937,938,937,937
1,9,936,9,978,936,978,935,978,934,978,933,978,932,979,932,979,933,979,934,979,935,978,936
1,2,906,9,13,906,13,905,13,904,13,903,13,902,14,902,15,902,16,902,17,902,17,902,17,903,17,904,17,905,17,906,16,907,16,908,16,909,15,909,14,909,13,909,12,909,12,909,12,908,12,907
1,2,906,9,22,906,22,905,22,904,22,903,22,902,23,902,23,903,23,904,23,905,23,906,23,907,23,908,23,909,22,909,22,908,22,907
1,2,906,9,34,906,35,905,35,904,35,904,36,904,36,903,36,902,37,902,38,902,39,902,39,903,38,904,37,905,37,906,38,906,38,906,38,907,39,907,40,907,41,908,42,909,42,909,41,909,40,909,39,909,38,909,37,909,36,909,35,909,34,909,33,909,33,909,33,908,33,907
1,2,905,9,45,905,45,904,44,904,44,904,44,903,43,903,42,903,42,902,43,902,44,902,45,902,46,902,47,902,48,902,49,902,50,902,51,902,52,902,53,902,54,902,55,902,55,903,55,904,56,904,56,904,56,905,56,906,56,907,56,907,55,907,55,908,55,909,54,909,53,909,52,909,51,909,50,909,49,909,48,909,47,909,46,909,46,908,46,907,45,906
1,2,906,9,93,906,93,905,93,904,93,903,93,902,94,902,95,902,95,902,94,903,94,904,94,905,94,906,94,907,94,908,94,909,93,909,93,908,93,907
1,2,906,9,117,906,117,905,117,904,117,903,117,902,118,902,118,903,118,904,118,905,118,906,118,907,118,908,118,909,117,909,116,909,116,909,117,908,117,907
1,2,905,9,141,905,141,904,141,903,141,902,140,902,140,902,141,902,141,903,141,904,141,905,141,906,141,907,141,908,142,908,142,908,142,909,142,909,141,909,140,909,140,909,141,909,141,908,141,907,141,906
1,2,906,9,236,906,236,905,236,904,236,904,236,905,237,905,237,905,237,906,237,907,237,908,237,909,236,909,236,908,236,907
1,2,906,9,273,906,273,905,273,904,273,903,273,903,273,904,273,905,273,906,273,907,273,908,273,909,273,910,273,910,273,909,273,908,273,907
1,2,906,9,295,906,295,905,295,904,295,903,295,903,296,903,296,903,296,904,297,905,297,906,297,907,298,908,298,909,298,910,299,910,300,910,301,910,301,910,300,910,299,910,298,910,297,910,296,910,295,910,295,910,295,909,295,908,295,907
1,2,906,9,312,906,312,905,312,904,312,904,312,905,313,905,314,905,314,906,314,907,315,907,315,907,315,908,316,908,316,908,316,909,317,909,317,909,316,909,315,909,314,909,313,909,313,909,313,908,312,907
1,2,905,9,356,905,356,904,356,903,356,902,356,902,357,902,358,902,358,903,358,904,358,905,358,906,359,907,359,908,359,909,360,909,361,909,362,909,363,909,363,909,362,909,361,909,360,909,359,909,358,909,357,909,356,909,356,909,356,908,356,907,356,906
1,2,905,9,373,905,373,904,373,904,374,904,374,904,374,905,375,905,375,905,375,906,376,906,376,906,376,907,377,907,377,907,377,908,378,908,378,908,378,909,379,909,379,909,378,909,377,909,376,909,375,909,374,909,374,908,374,907,374,906,374,905,373,905
1,2,905,9,418,905,418,904,418,903,418,902,418,902,419,902,419,902,419,903,419,904,419,905,420,905,420,905,420,906,420,907,420,908,421,908,421,908,421,909,422,909,423,909,424,909,424,909,423,909,422,909,421,909,420,909,419,909,418,909,417,909,417,908,418,907,418,906
1,2,906,9,455,906,455,905,455,904,455,903,455,902,456,902,456,903,456,904,456,905,456,906,456,907,456,908,456,909,455,909,455,908,455,907
1,2,906,9,501,906,501,905,501,904,501,903,501,902,502,902,502,903,502,904,503,904,503,904,503,905,503,906,503,907,504,908,505,909,505,909,504,909,503,909,502,909,501,909,501,908,501,907
1,2,905,9,518,905,518,904,518,904,519,904,519,904,519,905,520,905,520,905,520,906,521,906,521,906,521,907,522,908,523,909,523,909,522,909,521,909,520,909,519,909,519,908,519,907,518,906
1,2,905,9,562,905,562,904,562,903,562,902,562,902,563,902,563,902,563,903,563,904,563,905,563,906,563,907,563,908,563,909,563,909,562,909,562,909,562,908,562,907,562,906
1,2,905,9,599,905,599,904,599,904,599,905,599,906,600,906,600,906,600,907,600,908,600,909,600,909,599,909,599,909,599,908,599,907,599,906
1,2,905,9,624,905,624,904,624,903,624,902,624,902,625,902,625,902,625,903,625,904,625,905,625,906,625,907,625,908,625,909,625,909,624,909,624,909,624,908,624,907,624,906
1,2,905,9,646,905,646,904,646,903,646,902,646,902,647,902,647,902,647,903,648,904,648,905,648,906,649,907,649,908,649,909,650,909,651,909,652,909,653,909,653,909,652,909,651,909,650,909,649,909,648,909,647,909,646,909,646,909,646,908,646,907,646,906
1,2,905,9,663,905,663,904,663,904,664,904,664,904,664,905,665,905,665,905,665,906,666,906,666,906,666,907,667,907,667,907,667,908,668,908,668,908,668,909,669,909,670,909,670,909,669,909,668,909,667,909,666,909,665,909,664,909,664,908,664,907,663,906
1,2,905,9,707,905,707,904,707,903,707,902,707,902,708,902,709,902,709,903,709,904,710,905,710,906,710,907,711,908,712,909,713,909,714,909,714,909,713,909,712,909,711,909,710,909,709,909,708,909,707,909,707,909,707,908,707,907,707,906
1,2,905,9,725,905,725,904,725,904,726,904,726,904,726,905,727,905,727,905,727,906,728,906,728,906,728,907,729,907,729,907,729,908,730,908,730,908,730,909,731,909,732,909,732,909,731,909,730,909,729,909,728,909,727,909,726,909,725,909,725,909,726,908,726,907,725,907,725,907,725,906
1,2,905,9,769,905,769,904,769,903,769,902,769,902,770,902,770,902,770,903,771,903,771,903,771,904,771,905,771,906,772,907,773,908,774,909,775,909,776,909,777,909,778,909,779,909,780,909,781,909,782,909,783,909,784,909,785,909,786,909,787,909,787,909,786,909,785,909,784,909,783,909,782,909,781,909,780,909,779,909,778,909,777,909,776,909,775,909,774,909,773,909,772,909,771,909,770,909,769,909,768,909,768,908,769,907,769,906
1,2,905,9,806,905,806,904,806,903,806,902,806,902,807,902,807,902,807,903,807,904,807,905,807,906,807,907,807,908,807,909,807,909,806,909,806,909,806,908,806,907,806,906
1,2,905,9,852,905,852,904,852,903,852,902,852,902,853,902,853,902,853,903,854,903,854,903,854,904,855,905,855,906,855,907,856,908,857,909,858,909,859,909,859,909,858,909,857,909,856,909,855,909,854,909,853,909,852,909,852,909,852,908,852,907,852,906
1,2,905,9,868,905,868,904,868,903,868,903,868,904,869,904,870,904,870,905,870,906,871,906,871,906,871,907,872,907,872,907,872,908,873,908,874,908,874,908,873,908,872,908,871,908,870,908,869,908,869,908,869,907,869,906,869,905,868,905
1,2,904,9,912,904,912,903,912,902,912,901,912,901,913,901,913,901,913,902,913,903,913,904,913,905,913,906,913,907,913,908,913,908,912,908,912,908,912,907,912,906,912,905
1,2,904,9,948,904,949,904,949,905,949,906,949,907,949,908,949,908,948,908,948,908,948,907,948,906,948,905
1,2,904,9,978,904,978,903,978,902,978,901,978,901,979,901,979,901,979,902,979,903,979,904,979,905,979,906,979,907,979,908,979,908,978,908,978,908,978,907,978,906,978,905
1,4,915,9,12,915,12,914,12,913,12,912,12,911,13,911,14,911,15,911,16,911,16,911,16,912,16,913,16,914,16,915,16,916,16,917,15,918,14,918,13,918,12,918,12,917,12,916
1,4,915,9,22,915,22,914,22,913,22,912,22,911,23,911,23,912,23,913,23,914,23,915,23,916,23,917,23,918,22,918,22,917,22,916
1,4,914,9,36,914,36,913,35,913,35,914
1,4,914,9,37,914,37,913,36,913,36,914
1,4,914,9,38,914,38,913,37,913,37,914
1,4,914,9,39,914,39,913,38,913,38,914
1,4,914,9,40,914,40,913,39,913,39,914
1,4,914,9,46,914,46,913,46,912,46,911,46,911,47,911,48,911,49,911,50,911,51,911,52,911,53,911,54,911,55,911,55,911,55,912,56,913,57,914,57,915,56,916,55,917,55,918,55,918,54,918,53,918,52,918,51,918,50,918,49,918,48,918,47,918,46,918,45,918,44,918,43,918,43,918,44,918,45,917,46,916,46,915
1,4,915,9,93,915,93,914,93,913,93,912,93,912,94,912,94,912,94,913,94,914,94,915,94,916,94,917,94,918,94,919,94,919,93,919,93,919,93,918,93,917,93,916
1,4,915,9,106,915,106,914,106,914,107,914,107,913,107,913,108,913,108,912,108,912,109,912,110,912,111,912,112,912,113,912,114,912,115,912,116,912,117,912,118,912,118,913,118,914,118,915,118,916,118,916,117,916,117,917,117,918,117,919,117,919,116,919,115,919,114,919,113,919,112,919,111,919,110,919,109,919,108,919,107,919,106,919,106,919,106,918,106,917,106,916
1,4,914,9,141,914,141,913,140,912,140,911,141,911,142,911,142,911,141,912,141,913,141,914,141,915,141,916,141,917,141,918,140,918,140,918,141,918,141,917,141,916,141,915
1,4,914,9,189,914,189,913,189,912,189,911,189,911,190,911,190,911,190,912,190,912,189,912,189,913,189,914,189,915,189,916,189,917,189,918,188,918,188,917,189,916,189,915
1,4,915,9,236,915,236,914,236,913,236,912,236,912,237,912,237,912,237,913,237,914,237,915,237,916,237,917,237,918,237,919,237,919,236,919,236,919,236,918,236,917,236,916
1,4,915,9,273,915,273,914,273,913,273,912,273,911,273,911,273,912,273,913,273,914,273,915,273,916,273,917,273,918,273,918,273,917,273,916
1,4,915,9,295,915,295,914,295,913,295,912,295,911,296,911,297,911,298,911,299,911,300,911,301,911,301,911,301,912,302,913,302,914,302,915,303,915,303,915,303,916,304,917,304,918,303,918,302,918,301,918,300,918,299,918,298,918,297,918,296,918,295,918,295,917,295,916
1,4,915,9,311,915,312,914,312,913,312,912,312,911,312,911,313,911,314,911,315,911,316,911,317,911,318,911,318,912,318,913,318,914,317,915,317,916,317,916,316,916,316,917,316,918,315,918,314,918,313,918,312,918,311,918,310,918,310,918,310,917,310,916
1,4,914,9,356,914,356,913,356,912,356,911,356,911,357,911,358,911,359,911,360,911,361,911,362,911,363,911,363,911,363,912,363,913,363,914,364,914,364,914,364,915,365,916,365,917,365,918,365,918,364,918,363,918,362,918,361,918,360,918,359,918,358,918,357,918,356,918,356,918,356,917,356,916,356,915
1,4,914,9,373,914,374,913,374,912,374,911,375,911,376,911,377,911,378,911,379,911,380,911,380,911,380,912,380,913,380,914,380,914,379,914,379,915,379,915,378,915,378,916,378,917,378,918,378,918,377,918,376,918,375,918,374,918,373,918,372,918,371,918,371,918,371,917,371,916,372,915
1,4,914,9,418,914,418,913,418,912,418,911,417,911,417,911,418,911,419,911,420,911,421,911,422,911,423,911,424,911,424,912,424,913,425,913,425,913,425,914,426,915,426,916,426,917,427,917,427,917,427,918,427,918,426,918,425,918,424,918,423,918,422,918,421,918,420,918,419,918,418,918,417,918,417,917,418,916,418,915
1,4,914,9,432,914,432,913,432,912,432,911,432,911,433,911,434,911,435,911,435,911,435,912,436,913,437,914,437,915,437,916,438,916,439,916,440,916,440,915,440,915,441,915,441,914,441,914,441,915,441,916,441,917,441,918,442,918,442,918,441,918,440,918,439,918,438,918,437,918,436,918,435,918,434,918,433,918,432,918,431,918,431,918,432,918,432,917,432,916,432,915
1,4,914,9,455,914,455,913,455,912,455,911,455,911,456,911,456,911,456,912,456,913,456,914,456,915,456,916,456,917,456,918,456,918,455,918,455,918,455,917,455,916,455,915
1,4,914,9,466,914,466,913,466,913,467,913,467,912,467,911,468,911,469,911,470,911,470,912,470,913,471,913,471,913,471,914,471,915,471,916,472,916,473,916,474,916,475,915,475,915,475,916,475,917,475,918,476,918,476,918,475,918,474,918,473,918,472,918,471,918,470,918,469,918,468,918,467,918,466,918,466,918,467,917,467,916,466,916,466,916,466,915
1,4,915,9,501,915,501,914,501,913,501,912,501,911,502,911,503,911,504,911,505,911,506,911,507,911,507,911,507,912,508,913,509,914,509,915,509,916,510,917,510,918,509,918,508,918,507,918,506,918,505,918,504,918,503,918,502,918,501,918,501,917,501,916
1,4,915,9,517,915,518,914,518,913,518,913,519,913,519,912,519,911,520,911,521,911,522,911,523,911,524,911,525,911,525,911,525,912,525,913,524,914,523,915,523,916,523,916,522,916,522,917,522,918,521,918,520,918,519,918,518,918,517,918,516,918,516,918,516,917,516,916
1,4,914,9,518,915,518,914,518,913,519,912,519,911,519,911,520,911,521,911,522,911,523,911,524,911,525,911,525,912,525,913,525,913,524,913,524,914,524,914,523,914,523,915,523,916,522,917,522,918,522,918,521,918,520,918,519,918,518,918,517,918,516,918,516,917,516,916,516,916,517,916,517,915,517,915
1,4,915,9,562,915,562,914,562,913,562,912,562,911,563,911,563,912,563,913,563,914,563,915,563,916,563,917,563,918,562,918,562,917,562,916
1,4,914,9,599,914,599,913,599,912,599,911,599,911,600,911,600,911,599,912,599,913,599,914,599,915,599,916,599,917,600,917,600,917,600,918,600,918,599,918,598,918,598,917,599,916,599,915
1,4,914,9,624,914,624,913,624,912,624,911,624,911,625,911,625,911,625,912,625,913,625,914,625,915,625,916,625,917,625,918,625,918,624,918,624,918,624,917,624,916,624,915
1,4,914,9,646,914,646,913,646,912,646,911,646,911,647,911,648,911,649,911,650,911,651,911,652,911,653,911,653,911,653,912,653,913,653,914,654,914,654,914,654,915,655,916,655,917,655,918,655,918,654,918,653,918,652,918,651,918,650,918,649,918,648,918,647,918,646,918,646,918,646,917,646,916,646,915
1,4,914,9,663,914,663,913,663,913,664,913,664,912,664,911,665,911,666,911,667,911,668,911,669,911,670,911,670,911,670,912,670,913,669,914,668,915,668,916,668,916,667,916,667,917,667,918,666,918,665,918,664,918,663,918,662,918,661,918,661,918,661,917,661,916,662,915
1,4,914,9,707,914,707,913,707,912,707,911,707,911,708,911,709,911,710,911,711,911,712,911,713,911,714,911,714,911,714,912,715,913,715,914,715,915,716,915,716,915,716,916,717,917,717,918,716,918,715,918,714,918,713,918,712,918,711,918,710,918,709,918,708,918,707,918,707,918,707,917,707,916,707,915
1,4,914,9,724,914,725,913,725,912,725,911,726,911,727,911,728,911,729,911,730,911,731,911,732,911,732,912,731,913,731,914,731,914,730,914,730,915,730,915,729,915,729,916,729,917,729,918,729,918,728,918,727,918,726,918,725,918,724,918,723,918,723,917,723,916,723,915
1,4,914,9,769,914,769,913,769,912,769,911,768,911,768,911,769,911,770,911,771,911,772,911,773,911,774,911,775,911,776,911,777,911,778,911,779,911,780,911,781,911,782,911,783,911,784,911,785,911,786,911,787,911,787,912,787,913,788,913,788,913,788,914,789,915,790,915,791,915,792,915,792,914,792,914,792,915,792,916,793,917,793,918,792,918,791,918,790,918,789,918,788,918,787,918,786,918,785,918,784,918,783,918,782,918,781,918,780,918,779,918,778,918,777,918,776,918,775,918,774,918,773,918,772,918,771,918,770,918,769,918,769,918,769,917,769,916,769,915
1,4,914,9,806,914,806,913,806,912,806,911,806,911,807,911,807,911,807,912,807,913,807,914,807,915,807,916,807,917,807,918,807,918,806,918,806,918,806,917,806,916,806,915
1,4,914,9,817,914,817,913,817,913,818,913,818,912,818,912,819,912,819,911,819,911,820,911,821,911,822,912,822,913,822,914,823,914,823,914,823,915,824,915,825,915,826,915,826,914,826,914,827,914,827,914,827,915,827,916,827,917,828,918,828,918,827,918,826,918,825,918,824,918,823,918,822,918,821,918,820,918,819,918,818,918,818,917,818,916,817,915
1,4,914,9,852,914,852,913,852,912,852,911,852,911,853,911,854,911,855,911,856,911,857,911,858,911,859,911,859,911,859,912,860,913,860,914,860,915,861,915,861,915,861,916,861,917,861,918,861,918,860,918,859,918,858,918,857,918,856,918,855,918,854,918,853,918,852,918,852,918,852,917,852,916,852,915
1,4,914,9,867,914,868,913,869,912,869,911,869,911,870,911,871,911,872,911,873,911,874,911,875,911,875,912,874,913,874,914,874,914,873,914,873,915,873,916,873,917,873,918,872,918,871,918,870,918,869,918,868,918,867,918,866,918,866,917,866,916,866,915
1,4,913,9,912,913,912,912,912,911,912,910,912,910,913,910,913,910,913,911,913,912,913,913,913,914,913,915,913,916,913,917,913,917,912,917,912,917,912,916,912,915,912,914
1,4,913,9,948,913,948,912,948,911,948,910,948,910,949,910,949,910,949,911,949,912,949,913,949,914,949,915,949,916,949,917,949,917,948,917,948,917,948,916,948,915,948,914
1,4,913,9,978,913,978,912,978,911,978,910,978,910,979,910,979,910,979,911,979,912,979,913,979,914,979,915,979,916,979,917,979,917,978,917,978,917,978,916,978,915,978,914
1,6,924,9,12,924,12,923,12,922,12,921,12,920,13,920,14,920,15,920,15,921,15,922,15,922,14,922,14,923,15,924,15,925,15,926,15,927,14,927,13,927,13,927,13,926,12,925
1,6,924,9,22,924,22,923,22,922,22,921,22,920,23,920,23,921,23,922,23,923,23,924,23,925,23,926,23,927,22,927,22,926,22,925
1,6,923,9,42,923,42,922,42,922,43,922,43,921,43,920,44,920,45,920,46,920,47,920,48,920,49,920,50,920,50,920,49,920,48,921,48,922,48,922,47,922,47,923,47,923,46,923,46,924,46,924,45,924,45,925,45,925,44,925,44,926,44,927,43,927,42,927,41,927,40,927,39,927,38,927,37,927,36,927,35,927,35,927,36,927,37,927,38,927,39,926,40,925,41,924
1,6,924,9,93,924,93,923,93,922,93,921,93,921,94,921,94,921,94,922,94,923,94,924,94,925,94,926,94,927,94,928,94,928,93,928,93,928,93,927,93,926,93,925
1,6,923,9,135,923,136,923,137,923,138,923,139,923,140,922,140,921,140,920,141,920,141,921,141,922,141,923,141,924,141,925,141,926,141,927,140,927,139,927,138,927,137,927,136,927,135,927,134,927,133,927,132,927,131,927,130,927,129,927,129,927,130,926,131,925,132,925,133,925,133,924,133,924,134,924
1,6,923,9,188,923,188,922,188,921,188,920,188,920,189,920,189,920,189,921,189,922,189,923,189,924,189,925,189,926,189,927,189,927,188,927,188,927,188,926,188,925,188,924
1,6,924,9,236,924,236,923,236,922,236,921,236,920,237,920,237,921,237,922,237,923,237,924,237,925,237,926,237,927,236,927,236,926,236,925
1,6,924,9,273,924,273,923,273,922,273,921,273,920,273,920,273,921,273,922,273,923,273,924,273,925,273,926,273,927,273,927,272,927,272,927,273,926,273,925
1,6,924,9,295,924,295,923,295,922,295,921,295,920,296,920,296,920,295,920,295,921,295,922,295,923,295,924,295,925,295,926,295,927,295,927,294,927,294,927,295,926,295,925
1,6,924,9,303,924,303,923,303,922,303,921,302,920,302,920,303,920,304,920,304,921,304,922,304,923,304,924,304,925,304,926,304,927,303,927,302,927,302,927,302,926,302,925
1,6,924,9,314,924,314,923,313,922,312,921,311,920,311,920,312,920,313,920,314,920,315,920,316,920,316,920,315,921,315,922,316,922,316,922,316,923,317,924,317,925,317,926,317,927,316,927,315,927,314,927,313,927,312,927,311,927,310,927,309,927,309,927,309,926,309,926,310,926,310,925,310,925,311,925,312,925,313,925
1,6,923,9,356,923,356,922,356,921,356,920,356,920,357,920,358,920,359,920,360,920,361,920,362,920,363,920,364,920,365,920,365,920,365,921,365,922,365,923,365,924,365,925,365,926,365,927,365,927,364,927,363,927,362,927,361,927,360,927,359,927,358,927,357,927,356,927,355,927,354,927,353,927,352,927,351,927,350,927,349,927,348,927,348,927,349,927,350,927,351,927,352,927,353,927,354,927,355,927,356,927,356,926,356,925,356,924
1,6,923,9,375,923,375,922,374,922,374,922,374,921,373,920,373,920,374,920,375,920,376,920,377,920,378,920,378,920,377,921,377,922,377,923,377,924,378,924,378,924,378,925,379,925,379,925,379,926,380,926,380,926,380,927,380,927,379,927,378,927,377,927,376,927,375,927,374,927,373,927,372,927,371,927,370,927,370,926,371,925,372,925,373,925,374,925,375,925,375,924
1,6,924,9,418,923,418,922,418,921,418,920,417,920,417,920,418,920,419,920,419,920,418,921,418,922,418,923,418,924,418,925,418,926,419,926,419,926,419,927,419,927,418,927,417,927,416,927,415,927,414,927,413,927,412,927,411,927,410,927,409,927,409,927,410,927,411,927,412,927,413,927,414,927,415,927,416,927,417,926,418,925,418,924
1,6,923,9,426,923,426,922,426,921,426,920,425,920,425,920,426,920,427,920,427,920,427,921,427,922,427,923,427,924,427,925,427,926,427,927,427,927,426,927,425,927,424,927,423,927,423,927,424,927,425,926,425,925,425,925,426,925,426,924
1,6,923,9,436,923,437,922,437,921,437,920,438,920,439,920,440,920,440,920,439,920,439,921,439,921,438,921,438,922,438,923,437,924,437,925,437,925,436,925,436,926,436,927,435,927,435,926,435,925,435,925,436,925,436,924
1,6,923,9,455,923,455,922,455,921,455,920,455,920,456,920,456,920,456,921,456,922,456,923,456,924,456,925,456,926,456,927,456,927,455,927,455,927,455,926,455,925,455,924
1,6,923,9,471,923,471,922,471,922,472,922,472,921,472,920,473,920,474,920,475,920,475,920,474,920,473,921,473,922,473,922,472,922,472,923,472,924,471,925,471,926,471,927,470,927,469,927,469,927,469,926,469,926,470,926,470,925,470,924
1,6,924,9,501,924,501,923,501,922,501,921,501,920,502,920,503,920,504,920,505,920,506,920,507,920,508,920,509,920,510,920,510,921,510,922,510,923,510,924,510,925,510,926,510,927,509,927,508,927,507,927,506,927,505,927,504,927,503,927,502,927,501,927,500,927,500,927,501,926,501,925
1,6,924,9,520,924,520,923,519,922,518,921,517,920,517,920,518,920,519,920,520,920,521,920,522,920,522,920,521,921,521,922,522,922,522,922,522,923,523,924,523,925,523,926,523,927,522,927,521,927,520,927,519,927,518,927,517,927,516,927,515,927,514,927,514,927,515,927,515,926,515,926,516,926,516,925,516,925,517,925,518,925,519,925
1,6,924,9,521,924,521,923,520,923,520,924
1,6,924,9,522,924,522,923,521,923,521,924
1,6,923,9,562,923,562,922,562,921,562,920,562,920,563,920,563,920,563,921,563,922,563,923,563,924,563,925,563,926,563,927,563,927,562,927,561,927,560,927,559,927,558,927,557,927,556,927,555,927,554,927,553,927,553,927,554,927,555,927,556,927,557,927,558,927,559,927,560,927,561,927,562,927,562,926,562,925,562,924
1,6,923,9,599,923,599,922,599,921,599,920,598,920,598,920,599,920,600,920,600,920,599,921,599,922,599,923,599,924,599,925,599,926,600,926,600,926,600,927,600,927,599,927,598,927,598,926,599,925,599,924
1,6,923,9,624,923,624,922,624,921,624,920,624,920,625,920,625,920,625,921,625,922,625,923,625,924,625,925,625,926,625,927,625,927,624,927,624,927,624,926,624,925,624,924
1,6,923,9,646,923,646,922,646,921,646,920,646,920,647,920,648,920,649,920,650,920,651,920,652,920,653,920,654,920,655,920,655,920,655,921,655,922,655,923,655,924,655,925,655,926,655,927,655,927,654,927,653,927,652,927,651,927,650,927,649,927,648,927,647,927,646,927,645,927,644,927,643,927,642,927,641,927,640,927,639,927,638,927,637,927,637,927,638,927,639,927,640,927,641,927,642,927,643,927,644,927,645,927,646,927,646,926,646,925,646,924
1,6,923,9,665,923,665,922,664,921,663,920,663,920,664,920,665,920,666,920,667,920,667,921,667,922,667,923,667,924,668,924,668,924,668,925,669,925,669,925,669,926,669,927,668,927,667,927,666,927,665,927,664,927,663,927,662,927,661,927,660,927,660,926,661,925,662,924,663,924,664,924
1,6,923,9,707,923,707,922,707,921,707,920,707,920,708,920,709,920,709,920,708,920,708,921,708,922,708,923,708,924,708,925,708,926,708,927,709,927,709,927,708,927,707,927,706,927,705,927,704,927,703,927,702,927,701,927,700,927,699,927,699,927,700,927,701,927,702,927,703,927,704,927,705,927,706,927,707,927,707,926,707,925,707,924
1,6,923,9,716,923,716,922,716,921,716,920,715,920,715,920,716,920,717,920,717,920,717,921,717,922,717,923,717,924,716,925,716,926,716,927,715,927,714,927,713,927,713,927,714,927,715,926,715,925,715,924
1,6,923,9,727,923,727,922,726,922,726,922,726,921,725,920,725,920,726,920,727,920,728,920,729,920,729,920,728,920,728,921,729,922,729,923,729,924,730,924,730,924,730,925,730,926,730,927,730,927,729,927,728,927,727,927,726,927,725,927,724,927,723,927,722,927,721,927,721,927,721,926,721,926,722,926,722,925,722,925,723,925,723,924,723,924,724,924,725,924,726,924
1,6,923,9,769,923,769,922,769,921,769,920,769,920,770,920,771,920,772,920,773,920,774,920,775,920,776,920,777,920,778,920,779,920,779,920,778,920,778,921,778,922,778,923,778,924,778,925,778,926,778,927,778,927,777,927,776,927,775,927,774,927,773,927,772,927,771,927,770,927,769,927,768,927,767,927,766,927,765,927,764,927,763,927,762,927,761,927,760,927,760,927,761,927,762,927,763,927,764,927,765,927,766,927,767,927,768,926,769,925,769,924
1,6,923,9,787,923,788,922,788,921,788,920,789,920,790,920,790,920,790,921,790,921,789,921,789,922,789,923,788,924,788,925,788,926,788,927,788,927,787,927,786,927,786,926,786,925,786,925,787,925,787,924
1,6,923,9,806,923,806,922,806,921,806,920,806,920,807,920,807,920,807,921,807,922,807,923,807,924,807,925,807,926,807,927,807,927,806,927,806,927,806,926,806,925,806,924
1,6,923,9,822,923,822,922,822,922,823,922,823,921,823,920,824,920,825,920,825,920,824,921,824,922,824,922,823,922,823,923,823,924,822,925,822,926,822,927,821,927,821,926,821,925,821,924
1,6,923,9,852,923,852,922,852,921,852,920,852,920,853,920,854,920,855,920,856,920,857,920,858,920,859,920,860,920,861,920,861,920,861,921,861,922,861,923,861,924,861,925,861,926,861,927,861,927,860,927,859,927,858,927,857,927,856,927,855,927,854,927,853,927,852,927,851,927,850,927,849,927,848,927,847,927,846,927,845,927,844,927,843,927,843,927,844,927,845,927,846,927,847,927,848,927,849,927,850,927,851,927,852,927,852,926,852,925,852,924
1,6,923,9,870,923,870,922,869,921,869,920,870,920,871,920,872,920,872,921,872,922,873,923,874,924,874,925,874,926,874,927,873,927,872,927,871,927,870,927,869,927,868,927,867,927,866,927,865,927,865,926,865,925,865,925,866,925,866,924,866,924,867,924,868,924,869,924
1,6,922,9,912,922,912,921,912,920,912,919,912,919,913,919,913,919,913,920,913,921,913,922,913,923,913,924,913,925,913,926,913,926,912,926,911,926,910,926,909,926,908,926,907,926,906,926,905,926,904,926,903,926,903,926,904,926,905,926,906,926,907,926,908,926,909,926,910,926,911,926,912,926,912,925,912,924,912,923
1,6,922,9,948,922,948,921,948,920,948,919,948,919,949,919,949,919,949,920,949,921,949,922,949,923,949,924,949,925,949,926,949,926,948,926,948,926,948,925,948,924,948,923
1,6,922,9,978,922,978,921,978,920,978,919,978,919,979,919,979,919,979,920,979,921,979,922,979,923,979,924,979,925,979,926,979,926,978,926,978,926,978,925,978,924,978,923
1,8,933,9,15,933,15,932,14,931,14,930,14,929,14,929,15,929,15,929,15,930,16,930,16,930,16,931,17,932,17,933,17,934,18,934,18,934,18,935,18,936,17,936,16,935,16,934,16,933,15,933
1,8,932,9,22,932,22,931,22,930,22,929,22,929,23,929,23,929,23,930,23,931,23,932,23,933,23,934,23,935,23,936,23,936,23,935,23,934,22,933
1,8,933,9,93,933,93,932,93,931,93,930,93,930,94,930,94,930,94,931,94,932,94,933,94,934,94,935,94,936,94,937,94,937,93,937,93,937,93,936,93,935,93,934
1,8,933,9,188,933,188,932,188,931,188,930,188,929,189,929,189,930,189,931,189,932,189,933,189,934,189,935,190,936,190,936,189,936,188,936,188,935,188,934
1,8,933,9,229,933,230,933,231,933,232,933,233,933,234,933,235,933,235,932,235,932,236,932,236,931,236,930,236,929,236,929,237,929,237,929,237,930,237,931,237,932,237,933,237,934,237,935,237,936,237,936,236,936,235,936,234,936,233,936,232,936,231,936,230,936,229,936,228,936,227,936,226,936,225,936,225,936,226,936,226,935,226,935,227,935,227,934,227,934,228,934
1,8,933,9,272,933,272,932,272,932,273,932,273,931,272,930,272,930,273,930,273,930,273,931,273,932,273,933,273,934,273,935,273,936,273,937,273,937,272,937,272,937,272,936,272,935,272,934
1,8,933,9,284,933,284,932,284,932,285,932,285,931,285,931,286,931,286,930,286,930,287,930,288,930,289,930,290,930,291,930,292,930,293,930,294,930,295,930,295,930,295,931,296,931,296,931,295,932,295,933,295,934,295,935,295,935,294,935,294,936,294,937,293,937,292,937,291,937,290,937,289,937,288,937,287,937,286,937,285,937,284,937,283,937,283,937,284,937,284,936,284,935,284,934
1,8,933,9,311,933,311,932,310,932,310,932,310,931,309,931,309,931,309,930,309,930,310,930,311,930,312,930,313,930,313,931,313,932,313,933,313,934,313,935,313,935,313,934,312,934,312,934,312,933,311,933
1,8,933,9,345,933,345,932,345,932,346,932,346,931,346,931,347,931,347,930,347,930,348,930,348,929,348,929,349,929,350,929,351,929,352,929,353,929,354,929,355,929,356,929,357,929,358,929,358,929,357,929,357,930,357,931,357,932,357,933,357,934,357,934,356,934,356,935,356,936,355,936,354,936,353,936,352,936,351,936,350,936,349,936,348,936,347,936,346,936,345,936,345,935,345,934
1,8,933,9,373,933,373,932,372,932,372,932,372,931,371,931,371,931,371,930,370,930,370,930,370,929,370,929,371,929,372,929,373,929,374,929,375,929,376,929,376,929,375,929,374,930,374,931,374,932,374,933,374,934,374,934,374,933,373,933
1,8,933,9,407,933,407,932,407,932,408,932,408,931,408,931,409,931,409,930,409,929,410,929,411,929,412,929,413,929,414,929,415,929,416,929,417,929,418,929,419,929,419,929,418,930,418,931,418,932,418,933,418,934,418,935,418,935,417,935,417,936,417,936,416,936,415,936,414,936,413,936,412,936,411,936,410,936,409,936,408,936,407,936,406,936,406,936,406,935,406,935,407,935,407,934
1,8,933,9,455,933,455,932,455,931,455,930,455,929,456,929,456,930,456,931,456,932,456,933,456,934,456,935,456,936,455,936,455,935,455,934
1,8,933,9,490,933,490,932,490,932,491,932,491,931,491,931,492,931,492,930,492,929,493,929,494,929,495,929,496,929,497,929,498,929,499,929,500,929,501,929,502,929,503,929,503,929,502,929,502,930,502,931,502,932,502,933,502,934,502,934,501,934,501,935,501,935,500,935,500,936,500,936,499,936,498,936,497,936,496,936,495,936,494,936,493,936,492,936,491,936,490,936,490,935,490,934
1,8,933,9,517,933,517,932,516,932,516,932,516,931,515,931,515,931,515,930,514,930,514,930,514,929,514,929,515,929,516,929,517,929,518,929,519,929,520,929,520,929,519,929,519,930,519,931,519,932,519,933,519,934,519,935,519,935,519,934,518,934,518,934,518,933,517,933
1,8,933,9,551,933,552,932,552,931,552,931,553,931,553,930,553,929,554,929,555,929,556,929,557,929,558,929,559,929,560,929,561,929,562,929,563,929,563,929,563,930,563,931,563,932,563,933,563,934,563,934,562,934,562,935,562,936,561,936,560,936,559,936,558,936,557,936,556,936,555,936,554,936,553,936,552,936,551,936,551,935,551,934
1,8,933,9,591,933,592,933,593,933,593,932,593,932,594,932,595,932,596,932,597,932,598,932,598,931,598,930,598,929,598,929,599,929,600,929,600,929,599,929,599,930,599,931,599,932,599,933,599,934,600,934,600,934,600,935,600,936,599,936,598,936,597,936,596,936,595,936,594,936,593,936,592,936,591,936,590,936,589,936,588,936,588,936,589,935,590,934
1,8,932,9,624,932,624,931,624,930,624,929,624,929,625,929,625,929,625,930,625,931,625,932,625,933,625,934,625,935,625,936,625,936,624,936,624,936,624,935,624,934,624,933
1,8,932,9,635,932,636,931,636,930,636,930,637,930,637,929,637,929,638,929,639,929,640,929,641,929,642,929,643,929,644,929,645,929,646,929,647,929,647,930,647,931,647,932,647,933,647,933,646,933,646,934,646,935,646,936,646,936,645,936,644,936,643,936,642,936,641,936,640,936,639,936,638,936,637,936,636,936,635,936,635,936,635,935,635,934,635,933
1,8,932,9,662,932,662,931,661,931,661,931,661,930,660,930,660,930,660,929,660,929,661,929,662,929,663,929,664,929,664,930,664,931,664,932,664,933,665,933,665,933,665,934,665,935,665,936,665,936,664,936,664,936,664,935,664,934,664,933,663,933,663,933,663,932,662,932
1,8,932,9,697,932,697,931,697,931,698,931,698,930,698,930,699,930,699,929,699,929,700,929,701,929,702,929,703,929,704,929,705,929,706,929,707,929,708,929,708,929,708,930,708,931,708,932,708,933,708,934,708,934,707,934,707,935,707,936,706,936,705,936,704,936,703,936,702,936,701,936,700,936,699,936,698,936,697,936,696,936,696,935,696,934,696,933
1,8,932,9,723,932,723,931,722,930,721,929,721,929,722,929,723,929,724,929,725,929,726,929,726,929,726,930,726,931,726,932,727,933,727,934,727,935,727,936,727,936,727,935,726,934,725,933,724,933,724,933,724,932,723,932
1,8,932,9,758,932,758,931,758,931,759,931,759,930,759,930,760,930,760,929,760,929,761,929,762,929,763,929,764,929,765,929,766,929,767,929,768,929,769,929,770,929,770,930,770,931,770,932,770,933,770,933,769,933,769,934,769,935,769,936,769,936,768,936,767,936,766,936,765,936,764,936,763,936,762,936,761,936,760,936,759,936,758,936,758,936,758,935,758,934,758,933
1,8,932,9,806,932,806,931,806,930,806,929,806,929,807,929,807,929,807,930,807,931,807,932,807,933,807,934,807,935,807,936,807,936,806,936,806,936,806,935,806,934,806,933
1,8,932,9,841,932,842,931,842,930,842,930,843,930,843,929,843,929,844,929,845,929,846,929,847,929,848,929,849,929,850,929,851,929,852,929,853,929,853,930,853,931,853,932,853,933,853,934,852,935,852,936,852,936,851,936,850,936,849,936,848,936,847,936,846,936,845,936,844,936,843,936,842,936,841,936,841,936,841,935,841,934,841,933
1,8,932,9,868,932,868,931,867,931,866,931,866,930,866,929,865,929,865,929,866,929,867,929,868,929,869,929,869,929,869,930,869,931,869,932,869,933,868,933
1,8,931,9,901,931,902,930,903,929,903,928,903,928,904,928,905,928,906,928,907,928,908,928,909,928,910,928,911,928,912,928,913,928,913,929,913,930,913,931,913,932,913,933,912,934,912,935,912,935,911,935,910,935,909,935,908,935,907,935,906,935,905,935,904,935,903,935,902,935,901,935,901,935,901,934,901,933,901,932
1,8,931,9,942,931,943,931,944,931,945,931,946,931,947,931,948,931,948,930,948,929,948,928,948,928,949,928,949,928,949,929,949,930,949,931,949,932,949,933,949,934,949,935,949,935,948,935,947,935,946,935,945,935,944,935,943,935,942,935,941,935,940,935,939,935,938,935,937,935,937,935,938,935,938,934,938,934,939,934,939,933,939,933,940,933,940,932,940,932,941,932
1,8,931,9,978,931,978,930,978,929,978,928,978,928,979,928,979,928,979,929,979,930,979,931,979,932,979,933,979,934,979,935,979,935,978,935,978,935,978,934,978,933,978,932
