1,1,173,10,24,173,24,172,24,172,24,173,24,174,24,175,24,176,24,177,24,177,24,176,24,175,24,174
1,1,173,10,44,173,44,172,44,171,44,170,44,169,45,169,46,169,47,169,48,169,49,169,50,169,51,169,52,169,53,169,54,169,54,169,54,170,55,171,55,172,54,173,54,174,54,175,53,176,52,176,51,176,50,176,49,176,48,176,47,176,46,176,45,176,44,176,44,175,44,174
1,1,172,10,79,172,80,172,81,172,82,172,83,172,84,172,85,172,85,172,85,173,85,174,85,175,85,175,84,175,84,176,84,176,83,176,82,176,81,176,80,176,79,176,78,176,78,175,79,174,79,173
1,1,172,10,110,172,111,172,112,172,113,172,114,172,115,172,116,172,117,172,118,172,118,172,118,173,119,174,119,175,119,176,119,176,118,176,117,176,116,176,115,176,114,176,113,176,112,176,111,176,110,176,109,176,108,176,108,176,108,175,108,175,109,175,109,174,109,174,110,174,110,173
1,1,172,10,184,172,184,171,184,170,185,169,186,168,187,168,188,168,189,168,190,168,191,168,192,168,193,168,194,168,195,168,196,169,196,170,196,171,196,172,195,173,194,174,193,175,192,175,191,175,190,175,189,175,188,175,187,175,186,175,185,175,184,175,184,174,184,173
1,1,172,10,253,172,253,171,253,170,253,169,253,168,254,168,255,168,256,168,257,168,258,168,259,168,260,168,261,168,262,168,262,168,261,168,261,169,261,170,261,171,262,171,263,171,263,171,262,171,262,172,262,173,262,174,262,175,261,175,260,175,259,175,258,175,257,175,256,175,255,175,255,174,255,173,254,172,253,172
1,1,172,10,266,172,266,171,266,170,267,169,268,168,269,168,270,168,271,168,272,168,273,168,274,168,275,168,276,168,277,168,277,169,277,170,277,171,277,172,277,173,276,174,275,174,274,174,274,175,274,175,273,175,272,175,271,175,270,175,269,175,268,175,267,175,266,175,266,174,266,173
1,1,172,10,317,172,317,171,317,171,318,171,318,171,318,172,318,173,318,174,318,175,317,175,317,174,317,173
1,1,172,10,354,172,354,171,354,170,355,169,356,168,357,168,358,168,359,168,360,168,361,168,362,168,363,168,364,168,365,168,366,168,366,168,366,169,366,170,366,171,366,172,365,172,364,172,364,173,364,173,363,173,363,174,363,174,362,174,362,175,362,175,361,175,360,175,359,175,358,175,357,175,356,175,355,175,354,175,354,174,354,173
1,1,171,10,434,171,435,171,436,171,437,171,438,171,439,171,440,171,441,171,442,171,442,171,442,172,442,173,442,174,443,175,443,175,442,175,441,175,440,175,439,175,438,175,437,175,436,175,435,175,434,175,433,175,432,175,431,175,431,175,432,175,432,174,432,174,433,174,433,173,433,173,434,173,434,172
1,1,171,10,533,171,533,170,533,170,534,170,534,170,534,171,534,172,534,173,534,174,533,174,533,173,533,172
1,1,171,10,547,171,547,170,547,170,548,171,549,171,549,170,549,170,550,170,551,170,552,170,553,170,554,171,555,171,555,170,555,170,555,171,555,172,556,173,556,174,555,174,554,174,553,174,552,174,551,174,550,174,549,174,548,174,547,174,546,174,545,174,545,174,546,174,546,173,546,173,547,173,547,172
1,1,170,10,623,170,623,169,623,169,624,169,624,168,624,168,625,168,625,167,625,167,626,167,626,166,626,166,627,166,628,166,629,166,630,166,631,166,632,166,633,166,634,166,634,167,634,168,634,169,634,170,634,171,633,172,632,173,631,173,630,173,629,173,628,173,627,173,626,173,625,173,624,173,623,173,623,172,623,171
1,1,170,10,693,170,693,169,692,169,692,170
1,1,170,10,694,170,694,169,693,169,693,170
1,1,170,10,695,170,695,169,694,169,694,170
1,1,170,10,696,170,696,169,695,169,695,170
1,1,170,10,697,170,697,169,696,169,696,170
1,1,170,10,698,170,698,169,697,169,697,170
1,1,170,10,699,170,699,169,698,169,698,170
1,1,170,10,700,170,700,169,699,169,699,170
1,1,170,10,701,170,701,169,700,169,700,170
1,1,170,10,702,170,702,169,701,169,701,170
1,1,170,10,705,170,705,169,705,169,706,169,706,168,706,167,707,166,708,166,709,166,710,166,711,166,712,166,713,166,714,166,715,166,716,166,717,166,717,166,717,167,717,168,717,169,717,170,716,171,715,172,714,172,713,172,713,173,713,173,712,173,711,173,710,173,709,173,708,173,707,173,706,173,705,173,705,172,705,171
1,1,170,10,756,170,756,169,756,169,757,169,757,169,757,170,757,171,757,172,757,173,756,173,756,172,756,171
1,1,169,10,793,169,793,168,793,168,794,168,794,167,794,167,795,167,795,166,795,166,796,166,797,166,798,166,799,166,800,166,801,166,802,166,803,166,804,166,805,166,805,167,805,168,805,169,805,170,805,170,804,170,804,171,804,171,803,171,803,172,803,172,802,172,801,173,800,173,799,173,798,173,797,173,796,173,795,173,794,173,793,173,793,173,793,172,793,171,793,170
1,1,169,10,873,169,873,168,873,168,874,168,875,168,876,168,877,168,878,168,879,168,880,168,881,168,881,169,881,170,882,171,882,172,881,172,880,172,879,172,878,172,877,172,876,172,875,172,874,172,873,172,872,172,871,172,871,171,872,171,873,171,873,170
1,1,168,10,979,168,979,167,979,167,980,168,980,169,980,170,980,171,979,171,979,170,979,169
1,3,182,10,15,182,15,181,15,180,15,179,15,179,16,179,17,179,17,180,16,181,16,182,16,183,16,184,16,185,15,186,14,186,13,186,13,186,14,185,14,184,14,183
1,3,182,10,24,182,24,181,24,180,24,179,24,179,24,180,24,181,24,182,24,183,24,184,24,185,24,186,24,186,24,185,24,184,24,183,23,182,23,182
1,3,182,10,40,182,40,181,40,181,41,181,42,181,43,181,44,180,44,179,44,178,45,178,46,178,47,178,48,178,49,178,50,178,51,178,52,178,52,178,52,179,52,179,51,179,51,180,51,181,51,182,51,182,50,182,49,182,48,182,48,183,48,183,47,183,47,184,47,185,46,185,45,185,44,185,43,185,42,185,41,185,40,185,39,185,39,185,40,184,40,183
1,3,182,10,74,182,74,181,74,181,75,181,76,180,77,179,77,178,77,178,78,178,79,178,80,178,81,178,82,178,83,178,84,178,84,178,84,179,85,179,85,179,85,180,85,181,85,182,85,183,85,184,86,185,87,185,87,185,86,185,85,185,84,185,83,185,82,185,81,185,80,185,79,185,78,185,77,185,76,185,75,185,74,185,73,185,73,185,73,184,73,184,74,184,74,183
1,3,182,10,107,182,107,181,107,180,107,179,107,178,108,178,109,178,110,178,111,178,112,178,113,178,114,178,115,178,116,178,117,178,118,178,119,178,119,178,118,179,117,180,117,181,117,182,117,182,117,181,116,181,115,181,114,181,114,182,114,182,113,181,112,181,111,182,111,182,111,181,110,181,109,182,108,183,108,184,108,185,107,185,107,184,107,183
1,3,182,10,136,182,136,181,136,181,137,181,138,181,139,181,140,181,141,181,142,181,143,181,144,181,144,182,144,183,144,184,144,185,145,185,145,185,144,185,143,185,142,185,141,185,140,185,139,185,138,185,137,185,136,185,135,185,134,185,133,185,133,185,134,184,135,183
1,3,181,10,184,181,184,180,184,179,184,178,184,178,184,179,184,180,185,180,185,180,185,181,185,182,184,183,184,184,184,185,184,185,184,184,184,183,184,182
1,3,181,10,212,181,213,181,214,181,215,181,216,181,217,181,218,181,219,181,220,181,221,181,221,182,221,183,222,184,222,185,221,185,220,185,219,185,218,185,217,185,216,185,215,185,214,185,213,185,212,185,211,185,210,185,210,185,211,184,212,183,212,182
1,3,181,10,253,181,253,180,253,179,253,178,253,178,254,178,255,178,256,178,257,178,258,178,259,177,259,177,259,178,260,178,260,178,260,179,260,180,260,181,261,181,261,181,261,182,261,182,260,182,260,183,260,184,260,185,260,185,260,184,260,183,260,182,260,181,260,180,260,179,259,178,258,178,258,179,258,180,258,181,258,181,257,181,256,182,256,183,256,184,256,185,256,185,255,185,255,185,255,184,255,183,255,182,254,181,253,181
1,3,181,10,266,181,266,180,266,179,266,178,266,178,266,179,266,180,266,181,266,182,266,183,266,184,266,185,266,185,266,184,266,183,266,182
1,3,181,10,294,181,294,180,294,180,295,180,295,180,295,181,296,181,297,181,298,181,298,180,298,180,299,181,300,181,301,180,301,180,301,181,302,181,303,180,303,180,303,181,303,182,303,183,303,184,302,184,301,184,300,184,299,184,298,184,297,184,296,184,295,184,294,184,293,184,292,184,292,184,293,184,293,183,293,183,294,183,294,182
1,3,181,10,317,181,317,180,317,179,317,178,317,177,317,177,317,178,318,178,318,178,317,179,317,180,317,181,317,182,317,183,317,184,318,184,318,184,318,185,318,185,317,184,317,183,317,182
1,3,181,10,354,181,354,180,354,179,354,178,354,177,354,177,354,178,354,179,354,180,354,181,354,182,354,183,354,184,354,184,354,183,354,182
1,3,181,10,382,181,382,180,382,180,383,180,384,180,385,180,386,180,387,180,388,180,389,180,390,180,391,180,391,180,391,181,391,182,391,183,391,184,390,184,389,184,388,184,387,184,386,184,385,184,384,184,383,184,382,184,381,184,380,184,380,184,381,184,381,183,381,183,382,183,382,182
1,3,181,10,431,181,431,180,431,179,431,178,431,177,432,177,433,177,434,177,435,177,436,177,437,177,438,177,439,177,440,177,441,177,442,177,442,178,442,179,442,180,441,181,441,181,441,180,440,180,439,180,438,180,438,181,438,181,437,180,436,180,435,181,435,181,435,180,434,180,433,181,432,181,431,181,431,182,431,183,431,184,431,184,431,183,431,182,430,181,430,181
1,3,180,10,459,180,460,180,461,180,461,179,461,179,462,180,463,180,464,179,464,179,464,180,465,180,466,180,467,180,467,179,467,179,468,180,468,181,468,182,468,183,468,184,469,184,469,184,468,184,467,184,466,184,465,184,464,184,463,184,462,184,461,184,460,184,459,184,459,184,459,183,458,183,457,184,457,184,458,183,459,182,459,181
1,3,180,10,508,180,508,179,508,179,509,179,509,178,509,178,510,178,510,177,510,177,511,177,512,177,513,177,514,177,515,177,516,177,517,177,518,177,519,177,519,177,519,178,519,179,519,180,519,181,518,182,517,183,516,184,515,184,514,184,513,184,512,184,511,184,510,184,509,184,508,184,508,184,508,183,508,182,508,181
1,3,180,10,533,180,533,179,533,178,533,177,533,177,534,177,534,177,533,178,533,179,533,180,533,181,533,182,533,183,534,183,534,183,534,184,534,184,533,184,533,184,533,183,533,182,533,181
1,3,180,10,544,180,544,179,544,178,544,177,544,176,545,176,546,176,547,176,548,176,549,176,550,176,551,176,552,176,553,176,554,176,555,176,556,176,556,176,555,177,554,178,554,179,554,180,553,180,552,180,551,180,550,180,549,180,548,180,547,180,546,180,545,181,544,182,544,183,545,183,545,183,544,183,544,182,544,181
1,3,180,10,574,180,574,179,574,179,575,179,576,179,577,179,578,179,579,179,580,179,581,179,582,179,583,179,583,179,583,180,583,181,583,182,583,183,582,183,581,183,580,183,579,183,578,183,577,183,576,183,575,183,574,183,573,183,572,183,572,183,573,183,573,182,573,182,574,182,574,181
1,3,180,10,623,180,623,179,623,178,623,177,623,176,623,176,623,177,623,178,623,179,623,180,623,181,623,182,623,183,623,183,623,182,623,181
1,3,180,10,653,180,653,179,653,179,654,179,655,179,656,179,657,179,658,179,659,179,660,179,661,179,661,180,661,181,662,182,662,183,661,183,660,183,659,183,658,183,657,183,656,183,655,183,654,183,653,183,652,183,651,183,651,182,652,181
1,3,179,10,693,179,693,178,693,177,693,176,693,175,693,175,693,176,693,177,693,178,693,179
1,3,179,10,695,179,695,178,695,177,695,176,695,175,695,175,695,176,695,177,695,178,695,179,695,180,696,180,697,179,697,178,697,177,697,176,697,175,697,175,697,176,698,176,698,176,697,177,697,178,697,179,696,180,695,181,695,182,695,182,695,181,695,180,694,180,694,180
1,3,179,10,700,179,700,178,700,177,700,176,700,175,701,175,702,175,702,175,701,176,700,177,700,178,700,179,700,180,700,181,700,182,700,182,700,181,700,180,699,180,699,180,699,179,699,179
1,3,179,10,705,179,705,178,705,177,705,176,705,175,706,175,706,176,706,177,706,178,706,179,706,180,706,181,706,181,705,181,705,182,705,182,705,181,705,180
1,3,179,10,734,179,734,178,734,178,735,178,736,178,737,178,738,178,739,178,740,178,741,178,742,178,742,179,742,180,743,181,743,182,742,182,741,182,740,182,739,182,738,182,737,182,736,182,735,182,734,182,733,182,732,182,732,182,733,182,733,181,733,181,734,181,734,180
1,3,179,10,756,179,756,178,756,177,756,176,756,175,757,175,757,176,757,177,757,178,757,179,757,180,757,181,757,182,756,182,756,181,757,180,757,179,756,179
1,3,179,10,793,179,793,178,793,177,793,176,793,175,794,175,794,176,794,177,794,178,794,179,794,180,794,181,794,182,793,182,793,181,793,180
1,3,178,10,822,178,823,178,824,178,825,178,826,178,827,178,828,178,829,178,830,178,830,178,830,179,830,180,830,181,831,182,831,182,830,182,829,182,828,182,827,182,826,182,825,182,824,182,823,182,822,182,821,182,820,182,819,182,819,182,820,182,820,181,820,181,821,181,821,180,821,180,822,180,822,179
1,3,178,10,870,178,870,177,870,176,870,175,870,174,871,174,872,174,873,174,874,174,875,174,876,174,877,174,878,174,879,174,880,174,881,174,882,174,882,174,881,175,880,176,880,177,880,178,879,178,878,178,877,178,876,178,875,178,874,178,873,178,872,178,871,178,870,178,870,179,870,180,870,181,870,181,870,180,870,179
1,3,178,10,898,178,898,177,898,177,899,177,900,177,901,177,902,177,903,177,904,177,905,177,906,177,907,177,907,177,907,178,907,179,907,180,907,181,906,181,905,181,904,181,903,181,902,181,901,181,900,181,899,181,898,181,897,181,896,181,896,181,897,181,897,180,897,180,898,180,898,179
1,3,177,10,950,177,950,176,950,176,951,176,951,175,951,175,952,175,952,174,952,174,953,174,954,174,955,174,956,174,957,174,958,174,959,174,960,174,961,174,961,174,961,175,961,176,961,177,961,178,960,179,959,180,958,181,957,181,956,181,955,181,954,181,953,181,952,181,951,181,950,181,949,181,949,181,950,181,950,180,950,179,950,178
1,3,177,10,979,177,979,176,979,175,979,174,979,173,980,173,980,174,980,175,980,176,980,177,980,178,980,179,980,180,979,180,979,180,980,180,980,179,979,178
1,5,191,10,13,191,13,190,13,189,13,188,13,188,14,188,15,188,16,189,16,190,16,191,16,191,15,191,15,192,15,193,15,194,15,195,14,195,13,195,13,195,13,194,13,193,13,192
1,5,191,10,24,191,24,190,24,189,24,188,24,188,24,189,24,190,24,191,24,192,24,193,24,194,24,195,24,195,24,194,24,193,24,192
1,5,191,10,35,191,35,190,35,190,36,190,36,189,36,189,37,189,37,188,37,187,38,187,39,187,40,187,41,187,42,187,43,187,44,187,45,187,46,187,47,187,47,187,47,188,48,188,48,188,48,189,49,190,50,190,51,190,52,190,53,190,54,190,54,190,54,191,54,192,54,193,55,193,55,193,55,194,56,194,56,194,55,194,54,194,53,194,52,194,51,194,50,194,49,194,48,194,47,194,46,194,45,194,44,194,43,194,42,194,42,194,43,193,44,192,44,191,43,191,42,191,41,191,40,192,39,193,39,194,39,194,38,194,37,194,36,194,35,194,34,194,34,195,34,195,34,194,35,193,35,192
1,5,191,10,79,191,79,190,79,189,79,188,79,187,80,187,81,187,82,187,83,187,84,187,85,187,86,187,86,188,86,189,87,189,87,189,86,190,86,191,86,192,85,193,85,194,85,194,84,194,83,194,82,194,81,194,80,194,79,194,78,194,78,194,79,193,79,192
1,5,191,10,107,191,107,190,107,189,107,188,107,187,108,187,108,187,107,187,107,188,108,189,108,190,108,191,108,192,108,193,108,194,107,194,107,193,107,192
1,5,191,10,133,191,133,190,133,189,133,188,133,187,134,187,135,187,136,187,137,187,138,187,139,187,140,187,141,187,142,187,143,187,144,187,144,187,143,187,143,188,143,189,143,190,143,191,143,191,143,190,142,190,141,190,140,190,140,191,140,191,139,190,138,190,137,191,137,191,137,190,136,190,135,190,134,190,134,191,134,191,133,191,133,192,133,193,133,194,133,194,133,193,133,192
1,5,191,10,161,191,161,190,161,190,162,190,163,190,164,190,165,190,166,190,167,190,168,190,169,190,170,190,170,190,170,191,170,192,170,193,170,194,169,194,168,194,167,194,166,194,165,194,164,194,163,194,162,194,161,194,160,194,159,194,159,194,160,194,160,193,160,193,161,193,161,192
1,5,191,10,184,191,184,190,184,189,184,188,184,187,185,187,185,187,184,187,184,188,185,189,185,190,185,191,185,192,185,193,185,194,184,194,184,193,184,192
1,5,191,10,210,191,210,190,209,190,209,191
1,5,191,10,211,191,211,190,210,190,210,191
1,5,191,10,214,191,214,190,213,190,212,190,211,190,211,191,211,191,210,191,210,192,210,193,210,194,210,194,210,193,210,192,209,191,209,190,209,189,209,189,210,189,210,188,210,187,211,187,212,187,213,187,214,187,215,187,216,187,217,187,218,187,219,187,220,187,221,187,221,187,220,187,220,188,220,189,220,190,220,191,220,191,220,190,219,190,218,190,217,190,217,191,217,191,216,190,215,190,214,191
1,5,191,10,239,191,239,190,239,190,240,190,241,190,242,190,243,190,244,190,245,190,246,190,247,190,247,191,247,192,247,193,247,194,247,194,246,194,245,194,244,194,243,194,242,194,241,194,240,194,239,194,238,194,237,194,236,194,236,194,237,193,238,192
1,5,190,10,266,190,266,189,266,188,266,187,266,187,266,188,266,189,266,190,266,191,266,192,266,193,266,194,266,194,266,193,266,192,266,191
1,5,190,10,291,190,291,189,291,188,291,187,291,187,292,187,293,187,294,187,295,187,296,187,297,187,298,187,299,187,300,187,301,187,302,187,303,187,303,187,302,187,302,188,302,189,302,190,302,190,301,190,300,190,299,190,298,190,297,190,296,190,295,190,294,190,293,190,292,191,292,192,292,193,292,194,292,194,291,194,291,194,291,193,291,192,291,191
1,5,190,10,317,190,317,189,317,188,317,187,317,186,318,186,318,187,317,188,317,189,318,189,318,189,318,190,318,191,318,192,318,193,317,193,317,192,317,191
1,5,190,10,331,190,331,189,331,189,332,189,332,189,332,190,333,190,334,190,335,190,335,189,335,189,336,190,337,190,338,189,339,189,339,190,339,191,340,192,340,193,339,193,338,193,337,193,336,193,335,193,334,193,333,193,332,193,331,193,330,193,329,193,329,193,330,193,330,192,330,192,331,192,331,191
1,5,190,10,354,190,354,189,354,188,354,187,354,186,354,186,354,187,354,188,354,189,354,190,354,191,354,192,354,193,354,193,354,192,354,191
1,5,190,10,379,190,379,189,379,188,379,187,379,186,380,186,381,186,382,186,383,186,384,186,385,186,386,186,387,186,388,186,389,186,390,186,391,186,391,186,390,187,389,188,389,189,389,190,388,190,387,190,386,190,385,190,384,190,383,190,382,190,381,190,380,191,380,192,380,193,379,193,379,192,379,191
1,5,190,10,408,190,408,189,408,189,409,189,410,189,411,189,412,189,413,189,414,189,415,189,416,189,417,189,417,189,417,190,417,191,417,192,417,193,416,193,415,193,414,193,413,193,412,193,411,193,410,193,409,193,408,193,407,193,406,193,406,193,407,193,407,192,407,192,408,192,408,191
1,5,190,10,430,190,430,189,430,188,430,187,430,187,431,187,431,186,431,186,431,187,431,188,431,189,431,190,431,191,431,192,431,193,430,193,430,193,431,193,431,192,430,191
1,5,190,10,457,190,457,189,456,189,456,190
1,5,190,10,458,190,458,189,457,189,457,190
1,5,190,10,459,190,459,189,458,189,458,190
1,5,190,10,460,190,460,189,459,189,459,190
1,5,190,10,461,190,461,189,460,189,460,190
1,5,190,10,462,190,462,189,461,189,461,190
1,5,190,10,463,190,463,189,462,189,462,190
1,5,190,10,466,190,466,189,465,189,464,189,463,189,463,190,463,190,462,190,461,190,460,190,459,190,458,190,457,191,457,192,457,193,457,193,457,192,457,191,457,190,456,190,456,190,456,189,456,188,457,187,457,186,457,186,458,186,459,186,460,186,461,186,462,186,463,186,464,186,465,186,466,186,467,186,468,186,468,186,467,187,466,188,466,189,466,190
1,5,190,10,482,190,482,189,482,189,483,189,483,188,483,187,484,186,485,186,486,186,487,186,488,186,489,186,490,186,491,186,492,186,493,186,494,187,494,188,494,189,494,190,493,191,492,192,491,193,490,193,489,193,488,193,487,193,486,193,485,193,484,193,483,193,482,193,482,192,482,191
1,5,190,10,508,190,508,189,507,189,507,189,507,188,507,188,508,188,508,187,508,186,508,186,508,187,508,188,508,189,508,190,508,191,508,192,508,193,508,193,508,192,508,191
1,5,190,10,533,190,533,189,533,188,533,187,533,186,534,186,534,186,533,186,533,187,533,188,533,189,533,190,533,191,534,192,534,193,533,193,533,192,533,191
1,5,189,10,544,189,544,188,544,187,544,186,544,186,545,186,545,186,545,187,545,188,545,189,545,190,544,191,544,192,545,192,545,192,545,193,545,193,544,193,544,193,544,192,544,191,544,190
1,5,189,10,572,189,572,188,572,187,572,186,572,185,573,185,574,185,575,185,576,185,577,185,578,185,579,185,580,185,581,185,582,185,583,185,583,186,582,187,582,188,582,189,581,189,580,189,579,189,578,189,577,189,576,189,575,189,574,189,573,189,572,189,572,190,572,191,572,192,572,192,572,191,572,190
1,5,189,10,600,189,600,188,600,188,601,188,602,188,603,188,604,188,605,188,606,188,607,188,608,188,608,189,608,190,609,191,609,192,608,192,607,192,606,192,605,192,604,192,603,192,602,192,601,192,600,192,599,192,598,192,598,192,599,192,599,191,599,191,600,191,600,190
1,5,189,10,623,189,623,188,623,187,623,186,623,185,623,185,623,186,623,187,623,188,623,189,623,190,623,191,623,192,623,192,623,191,623,190
1,5,189,10,650,189,650,188,650,187,650,186,650,185,651,185,652,185,653,185,654,185,655,185,656,185,657,185,658,185,659,185,660,185,661,185,661,186,660,187,660,188,660,188,659,188,658,188,657,188,656,188,655,188,655,189,655,189,654,188,653,188,652,189,651,189,650,189,650,190,651,191,651,192,650,192,650,191,650,190
1,5,189,10,679,189,679,188,679,188,680,188,681,188,682,188,682,187,682,187,683,188,684,188,685,187,685,187,685,188,686,188,687,188,687,189,687,190,688,191,688,192,687,192,686,192,685,192,684,192,683,192,682,192,681,192,680,192,679,192,678,192,677,192,676,192,676,192,677,191,678,190
1,5,188,10,705,188,705,187,705,186,705,185,705,184,705,184,705,185,705,186,705,187,706,187,706,187,706,188,706,188,705,188,705,189,705,190,705,191,705,191,705,190,705,189
1,5,188,10,731,188,731,187,731,186,731,185,731,184,732,184,733,184,734,184,735,184,736,184,737,184,738,184,739,184,740,184,741,184,742,184,743,184,743,184,742,185,741,186,741,187,741,188,740,188,739,188,738,188,737,188,736,188,735,188,734,188,733,188,732,188,731,188,731,189,731,190,731,191,731,191,731,190,731,189
1,5,188,10,756,188,756,187,756,187,757,187,757,186,756,185,756,184,757,184,757,185,757,186,757,187,757,188,757,189,757,190,757,191,756,191,756,190,756,189
1,5,188,10,771,188,771,187,771,187,772,187,773,187,774,187,774,187,774,188,775,188,776,188,777,188,777,187,777,187,778,187,779,187,780,188,780,188,779,188,779,189,779,190,779,191,779,191,778,191,777,191,776,191,775,191,774,191,773,191,772,191,771,191,770,191,769,191,768,191,768,191,769,190,770,190,771,190,771,189
1,5,188,10,793,188,793,187,793,186,793,185,793,184,794,184,794,185,793,186,793,187,794,187,794,187,794,188,794,189,794,190,794,191,793,191,793,190,793,189
1,5,188,10,819,188,819,187,819,186,819,185,819,184,820,184,821,184,822,184,823,184,824,184,825,184,826,184,827,184,828,184,829,184,830,184,830,184,829,184,829,185,829,186,829,187,829,187,828,187,827,187,826,187,825,187,824,187,823,188,823,188,823,187,822,187,821,187,820,187,820,188,820,188,819,188,819,189,819,190,819,191,819,191,819,190,819,189
1,5,187,10,848,187,849,187,850,187,851,187,852,187,853,187,854,187,855,187,855,188,855,189,856,189,856,189,856,190,856,191,855,191,854,191,853,191,852,191,851,191,850,191,849,191,848,191,847,191,846,191,845,191,845,191,846,191,846,190,846,190,847,190,847,189,847,189,848,189,848,188
1,5,187,10,870,187,870,186,870,185,870,184,870,183,870,183,870,184,870,185,870,186,870,187,870,188,870,189,870,190,870,190,870,189,870,188
1,5,187,10,895,187,895,186,895,185,895,184,895,183,896,183,897,183,898,183,899,183,900,183,901,183,902,183,903,183,904,183,905,183,906,183,907,183,907,183,906,184,905,185,905,186,905,187,904,187,903,187,902,187,901,187,900,187,899,187,898,187,897,187,896,188,896,189,896,190,895,190,895,189,895,188
1,5,187,10,921,187,921,186,921,185,922,184,923,183,924,183,925,183,926,183,927,183,928,183,929,183,930,183,931,183,932,183,932,184,932,185,932,186,932,187,932,188,931,189,930,189,929,189,929,190,929,190,928,190,927,190,926,190,925,190,924,190,923,190,922,190,921,190,921,189,921,188
1,5,187,10,950,187,950,186,949,186,949,186,949,185,949,185,950,185,950,184,950,183,950,183,950,184,950,185,950,186,950,187,950,188,950,189,950,190,950,190,950,189,950,188
1,5,187,10,980,187,980,186,980,185,980,184,979,183,979,183,980,183,980,183,980,184,980,185,980,186,980,187,980,188,980,189,980,190,980,190,979,190,979,190,979,189,979,189,980,189,980,188
1,7,200,10,14,200,14,199,14,198,14,197,13,197,13,197,14,197,15,197,16,197,17,197,17,197,17,198,17,199,17,200,17,201,17,202,18,203,18,204,17,204,16,204,15,204,14,204,14,204,14,203,14,202,14,201
1,7,200,10,24,200,24,199,24,198,24,197,24,197,24,198,24,199,24,200,24,201,24,202,24,203,24,204,24,204,24,203,24,202,24,201
1,7,201,10,35,201,35,200,35,199,35,198,34,197,34,197,35,197,36,197,37,197,38,197,39,197,40,197,41,197,42,197,43,197,44,197,45,197,46,197,47,197,48,197,49,197,50,197,51,197,52,197,53,197,54,197,55,197,56,197,57,197,57,197,57,198,57,199,57,200,57,201,57,202,57,203,56,204,55,204,54,204,53,204,52,204,51,204,50,204,49,204,48,204,47,204,46,204,45,204,44,204,43,204,42,204,41,204,40,204,39,204,38,204,37,204,37,203,37,202,36,202,36,202,36,201,35,201
1,7,200,10,74,200,74,199,74,199,75,199,76,198,77,197,78,197,79,197,80,197,81,197,82,197,83,197,84,197,84,198,84,199,84,200,84,201,84,202,84,203,85,203,86,203,86,203,85,203,85,204,85,204,84,204,83,204,82,204,81,204,80,204,79,204,78,204,77,204,76,204,75,204,74,204,73,204,72,204,72,204,72,203,72,203,73,203,73,202,73,202,74,202,74,201
1,7,200,10,107,200,107,199,107,198,107,197,107,196,107,196,107,197,108,197,108,197,107,198,107,199,107,200,107,201,107,202,107,203,108,203,108,203,108,204,108,204,107,203,107,202,107,201
1,7,200,10,133,200,133,199,133,198,133,197,133,197,133,198,133,199,133,200,133,201,133,202,133,203,133,204,133,204,133,203,133,202,133,201
1,7,200,10,158,200,158,199,158,198,159,197,159,196,159,196,160,196,161,196,162,196,163,196,164,196,165,196,166,196,167,196,168,196,169,196,170,196,170,196,169,197,169,198,169,199,169,200,169,200,168,200,167,200,166,200,165,200,164,200,163,200,162,200,161,200,160,200,159,201,159,202,159,203,158,203,158,203,159,203,159,202,158,201
1,7,200,10,184,200,184,199,184,198,184,197,184,196,185,196,185,197,185,198,185,199,185,200,185,201,185,202,185,203,184,203,184,202,184,201
1,7,200,10,209,200,209,199,209,198,209,197,209,196,210,196,210,197,210,198,210,199,210,200,210,201,210,202,210,203,209,203,209,202,209,201
1,7,200,10,235,200,235,199,235,198,235,197,235,196,236,196,237,196,238,196,239,196,240,196,241,196,242,196,243,196,244,196,245,196,246,196,247,196,247,196,246,197,246,198,246,199,246,200,246,200,245,200,244,200,243,200,242,200,241,200,240,200,239,200,238,200,237,200,236,201,236,202,236,203,235,203,235,202,235,201
1,7,200,10,266,200,266,199,266,198,266,197,266,196,266,196,266,197,266,198,266,199,266,200,266,201,266,202,266,203,266,203,266,202,266,201
1,7,200,10,291,200,291,199,291,198,291,197,291,196,292,196,292,197,292,198,292,199,292,200,292,201,292,202,292,203,291,203,291,202,291,201
1,7,200,10,317,200,317,199,317,198,317,197,317,196,318,196,318,196,317,196,317,197,317,198,317,199,317,200,317,201,318,202,318,203,317,203,317,202,317,201
1,7,200,10,328,200,328,199,328,198,328,197,328,196,329,196,330,196,331,196,332,196,333,196,334,196,335,196,336,196,337,196,338,196,339,196,340,196,340,196,339,197,338,198,338,199,338,199,337,199,336,199,335,199,334,199,333,199,333,200,333,200,332,199,331,199,330,199,329,199,329,200,329,201,329,202,329,203,328,203,328,202,328,201
1,7,199,10,354,199,354,198,354,197,354,196,354,196,354,197,354,198,354,199,354,200,354,201,354,202,354,203,354,203,354,202,354,201,354,200
1,7,199,10,379,199,379,198,379,197,379,196,379,196,380,196,380,196,380,197,380,198,380,199,380,200,380,201,380,202,380,203,380,203,379,203,379,203,379,202,379,202,380,202,380,201,379,200
1,7,199,10,405,199,405,198,405,197,405,196,405,196,406,196,407,196,408,196,409,196,410,196,411,196,412,196,413,196,414,196,415,196,416,196,416,196,415,197,415,198,415,199,414,199,413,199,412,199,411,199,410,199,409,199,408,199,407,199,406,200,406,201,406,202,406,203,406,203,405,203,405,203,405,202,405,201,405,200
1,7,199,10,430,199,430,198,430,198,431,198,431,197,430,196,430,196,431,196,431,196,431,197,432,198,432,199,432,200,432,201,431,202,431,203,431,203,430,203,430,203,430,202,430,201,430,200
1,7,199,10,456,199,456,198,456,197,456,196,456,196,457,196,457,196,457,197,457,198,457,199,457,200,457,201,457,202,457,203,457,203,456,202,456,201,456,200
1,7,199,10,482,199,482,198,482,197,482,196,482,195,483,195,483,196,483,197,483,198,483,199,483,200,483,201,483,202,482,202,482,201,482,200
1,7,199,10,507,199,507,198,507,197,507,196,507,195,508,195,508,196,508,197,508,198,508,199,508,200,508,201,508,202,507,202,507,201,508,200,508,199,507,199
1,7,199,10,533,199,533,198,533,197,533,196,533,195,534,195,534,196,534,197,534,198,534,199,534,200,534,201,534,202,533,202,533,201,533,200
1,7,199,10,544,199,544,198,544,197,544,196,544,195,545,195,545,196,545,197,545,198,545,199,545,200,545,201,545,202,544,202,544,201,544,200
1,7,199,10,572,199,572,198,572,197,572,196,572,195,572,195,572,196,572,197,572,198,572,199,572,200,572,201,572,202,572,202,572,201,572,200
1,7,198,10,597,198,597,197,597,196,597,195,597,194,598,194,599,194,600,194,601,194,602,194,603,194,604,194,605,194,606,194,607,194,608,194,609,194,609,194,609,195,609,195,608,195,608,196,608,197,608,198,608,198,607,198,606,198,605,198,604,198,603,198,602,198,601,198,600,198,599,198,598,199,598,200,598,201,597,201,597,200,597,199
1,7,198,10,623,198,623,197,623,196,623,195,623,194,623,194,623,195,623,196,623,197,623,198,623,199,623,200,623,201,623,201,623,200,623,199
1,7,198,10,650,198,650,197,650,196,650,195,650,194,651,194,651,195,651,196,651,197,651,198,651,198,650,198,650,199,651,200,651,201,650,201,650,200,650,199
1,7,198,10,676,198,676,197,676,196,676,195,676,194,677,194,678,194,679,194,680,194,681,194,682,194,683,194,684,194,685,194,686,194,687,194,687,195,686,196,686,197,686,198,685,198,684,198,683,198,682,198,681,198,680,198,679,198,678,198,677,198,676,198,676,199,676,200,676,201,676,201,676,200,676,199
1,7,198,10,705,198,705,197,705,196,705,195,705,194,705,194,705,195,705,196,705,197,705,198,705,199,706,199,706,199,705,200,705,201,705,201,705,200,705,199
1,7,198,10,731,198,731,197,731,196,731,195,731,194,731,194,731,195,731,196,731,197,731,198,731,199,731,200,731,201,731,201,731,200,731,199
1,7,198,10,756,198,756,197,756,196,757,195,757,194,757,194,757,195,757,196,757,197,757,198,757,199,757,200,757,201,756,201,756,200,756,199
1,7,198,10,768,198,768,197,768,196,768,195,768,194,769,194,770,194,771,194,772,194,773,194,774,194,775,194,776,194,777,194,778,194,779,194,779,194,778,194,778,195,778,196,778,197,778,197,777,197,776,197,775,197,774,197,773,197,773,198,773,198,772,197,771,197,770,198,769,198,768,198,768,199,768,200,768,201,768,201,767,201,767,201,767,200,767,200,768,200,768,199
1,7,197,10,793,197,793,196,793,195,793,194,793,193,794,193,794,194,794,195,794,196,794,197,794,198,794,199,794,200,793,200,793,199,793,198
1,7,197,10,819,197,819,196,819,195,819,194,819,193,819,193,819,194,819,195,819,196,819,197,819,198,819,199,819,200,819,200,819,199,819,198
1,7,197,10,844,197,844,196,844,195,844,194,844,193,845,193,846,193,847,193,848,193,849,193,850,193,851,193,852,193,853,193,854,193,855,193,856,193,856,193,855,194,854,195,854,196,854,196,853,196,852,197,852,197,852,196,851,196,850,196,849,196,849,197,849,197,848,196,847,196,846,197,845,198,845,199,845,200,844,200,844,199,844,198
1,7,196,10,870,196,870,195,870,194,870,193,870,193,870,194,870,195,870,196,870,197,870,198,870,199,870,200,870,200,870,199,870,198,870,197
1,7,196,10,895,196,895,195,895,194,895,193,895,193,896,193,896,193,896,194,896,195,896,196,896,197,896,198,896,199,896,200,896,200,895,200,895,200,895,199,895,198,895,197
1,7,196,10,921,196,921,195,921,194,921,193,921,193,921,194,921,195,921,196,921,197,921,198,921,199,921,200,921,200,921,199,921,198,921,197
1,7,196,10,949,196,949,195,949,194,949,193,949,192,950,192,950,193,950,194,950,195,950,196,950,197,950,198,950,199,949,199,949,198,949,197
1,7,196,10,979,196,979,195,979,194,979,193,979,192,980,192,980,193,980,194,980,195,980,196,980,197,980,198,980,199,979,199,979,198,980,197,980,196,979,196
1,9,210,10,15,210,15,209,14,209,14,209,14,208,14,208,15,208,15,207,15,207,16,207,17,207,18,207,18,207,18,208,18,209,18,210,18,211,18,212,18,213,18,214,18,214,17,214,16,214,15,214,15,214,15,213,15,212,15,211
1,9,210,10,24,210,24,209,24,208,24,207,24,207,24,208,24,209,24,210,24,211,24,212,24,213,24,214,24,214,24,213,24,212,24,211
1,9,210,10,41,210,41,209,41,208,41,207,40,207,40,207,40,206,39,206,38,206,38,206,39,206,40,206,41,206,42,206,43,206,44,206,45,206,46,206,47,206,48,206,49,206,50,206,51,206,52,206,53,206,54,206,55,206,56,206,56,206,55,206,54,207,54,208,54,209,54,210,54,210,53,210,52,211,52,212,52,213,51,213,50,212,50,211,50,210,49,210,48,210,47,210,46,210,45,210,44,210,43,210,42,210,41,210
1,9,210,10,79,210,79,209,79,208,79,207,79,206,80,206,81,206,82,206,83,206,84,206,85,206,85,206,85,207,86,207,86,207,86,208,87,208,87,208,86,209,86,210,86,210,85,210,84,210,83,209,82,209,82,210,82,210,81,210,80,210,79,210
1,9,210,10,107,210,107,209,107,208,107,207,107,206,108,206,108,206,107,206,107,207,107,208,107,209,107,210,107,211,108,212,108,213,107,213,107,212,107,211
1,9,210,10,133,210,133,209,133,208,133,207,133,206,133,206,133,207,133,208,133,209,133,210,133,211,133,212,133,213,133,213,133,212,133,211
1,9,209,10,158,209,158,208,158,207,158,206,158,206,159,206,159,206,159,207,159,208,159,209,159,210,159,211,159,212,159,213,159,213,158,213,158,213,158,212,158,212,159,212,159,211,158,210
1,9,209,10,184,209,184,208,184,207,184,206,184,206,185,206,185,206,185,207,185,208,185,209,185,210,184,211,184,212,185,212,185,212,185,213,185,213,184,213,184,213,184,212,184,211,184,210
1,9,209,10,210,209,210,208,210,207,210,206,210,206,210,207,210,208,210,209,210,210,210,211,210,212,210,213,210,213,210,212,209,212,209,212,210,211,210,210
1,9,209,10,235,209,235,208,235,207,235,206,235,206,236,206,236,206,236,207,236,208,236,209,236,210,236,211,236,212,236,213,236,213,235,213,235,213,235,212,235,211,235,210
1,9,209,10,266,209,266,208,266,207,266,206,266,206,266,207,266,208,266,209,266,210,266,211,266,212,266,213,266,213,266,212,265,212,265,212,266,211,266,210
1,9,209,10,291,209,291,208,291,207,291,206,291,206,292,206,292,206,292,207,292,208,292,209,292,210,292,211,292,212,292,213,292,213,291,213,291,213,291,212,291,211,291,210
1,9,209,10,317,209,317,208,317,207,317,206,317,205,318,205,318,206,317,207,317,208,318,208,318,208,318,209,318,210,318,211,318,212,317,212,317,211,317,210
1,9,209,10,328,209,328,208,328,207,328,206,328,205,329,205,329,205,328,205,328,206,329,207,329,208,329,209,329,210,329,211,329,212,328,212,328,211,328,210
1,9,209,10,354,209,354,208,354,207,354,206,354,205,354,205,354,206,354,207,354,208,354,209,354,210,354,211,354,212,354,212,354,211,354,210
1,9,209,10,379,209,379,208,379,207,379,206,379,205,380,205,380,206,380,207,380,208,380,209,380,210,380,211,380,212,379,212,379,211,379,210
1,9,209,10,405,209,405,208,405,207,405,206,405,205,406,205,406,206,406,207,406,208,406,209,406,210,406,211,406,212,405,212,405,211,405,210
1,9,209,10,431,209,431,208,431,207,431,206,430,205,430,205,431,205,431,205,431,206,431,207,431,208,431,209,431,210,431,211,431,212,431,212,430,212,430,212,430,211,430,211,431,211,431,210
1,9,209,10,457,209,457,208,456,208,456,208,456,207,456,207,457,207,457,206,457,205,457,205,457,206,457,207,457,208,457,209,457,210,457,211,457,212,457,212,457,211,457,210
1,9,208,10,482,208,482,207,482,206,482,205,482,205,483,205,483,205,482,206,482,207,483,207,483,207,483,208,483,209,483,210,483,211,483,212,483,212,482,212,482,212,482,211,482,210,482,209
1,9,208,10,507,208,507,207,507,207,508,207,508,206,507,205,507,205,508,205,508,205,508,206,508,207,508,208,508,209,508,210,508,211,508,212,508,212,507,212,507,212,507,211,507,210,507,209
1,9,208,10,533,208,533,207,533,206,533,205,533,205,534,205,534,205,533,206,533,207,533,208,533,209,533,210,533,211,534,211,534,211,534,212,534,212,533,212,533,212,533,211,533,210,533,209
1,9,208,10,544,208,544,207,544,206,544,205,544,205,545,205,545,205,544,206,544,207,544,208,544,209,544,210,544,211,545,211,545,211,545,212,545,212,544,212,544,212,544,211,544,210,544,209
1,9,208,10,572,208,572,207,572,206,572,205,572,204,572,204,572,205,572,206,572,207,572,208,572,209,572,210,572,211,572,211,572,210,572,209
1,9,208,10,597,208,597,207,597,206,597,205,597,204,598,204,598,205,598,206,598,207,598,208,598,208,597,208,597,209,598,210,598,211,597,211,597,210,597,209
1,9,208,10,623,208,623,207,623,206,623,205,623,204,623,204,623,205,623,206,623,207,623,208,623,209,623,210,623,211,623,211,623,210,623,209
1,9,207,10,650,207,650,206,650,205,650,204,650,204,651,204,651,204,650,205,650,206,650,207,650,208,650,209,650,210,651,210,651,210,651,211,651,211,650,211,650,211,650,210,650,209,650,208
1,9,207,10,676,207,676,206,676,205,676,204,676,203,676,203,676,204,676,205,676,206,676,207,676,208,676,209,676,210,676,210,676,209,676,208
1,9,207,10,705,207,705,206,705,205,705,204,705,203,705,203,705,204,706,205,706,206,706,207,706,208,706,209,706,210,705,210,705,209,705,208
1,9,207,10,731,207,731,206,731,205,731,204,731,203,731,203,731,204,731,205,731,206,731,207,731,208,731,209,731,210,731,210,731,209,731,208
1,9,207,10,756,207,756,206,756,205,756,204,756,203,757,203,757,204,757,205,757,206,757,207,757,208,757,209,757,210,756,210,756,209,756,208
1,9,207,10,767,207,767,206,767,205,767,204,767,203,768,203,768,204,768,205,768,206,768,207,768,208,768,209,768,210,767,210,767,209,768,208,768,207,767,207
1,9,207,10,793,207,793,206,793,205,793,204,793,203,794,203,794,204,794,205,794,206,794,207,794,208,794,209,794,210,793,210,793,209,793,208
1,9,207,10,819,207,819,206,819,205,819,204,819,203,819,203,819,204,819,205,819,206,819,207,819,208,819,209,819,210,819,210,819,209,819,208
1,9,207,10,844,207,844,206,844,205,844,204,844,203,845,203,845,204,845,205,845,206,845,207,845,208,845,209,845,210,844,210,844,209,844,208
1,9,206,10,870,206,870,205,870,204,870,203,870,202,870,202,870,203,870,204,870,205,870,206,870,207,870,208,870,209,870,209,870,208,870,207
1,9,206,10,895,206,895,205,895,204,895,203,895,202,896,202,896,203,896,204,896,205,896,206,896,207,896,208,896,209,895,209,895,208,895,207
1,9,206,10,921,206,921,205,921,204,921,203,921,202,921,202,921,203,921,204,921,205,921,206,921,207,921,208,921,209,921,209,921,208,921,207
1,9,205,10,950,205,950,204,950,203,950,202,949,202,949,202,950,202,950,203,950,204,950,205,950,206,950,207,950,208,950,209,949,209,949,208,950,207,950,206
1,9,205,10,980,205,980,204,980,203,980,202,979,202,979,202,980,202,980,203,980,204,980,205,980,206,980,207,980,208,980,209,979,209,979,208,980,207,980,206
1,2,178,10,16,178,16,177,16,177,17,177,17,176,17,176,18,176,18,175,18,174,18,174,18,175,18,176,18,177,18,178,17,179,17,180,17,180,16,180,16,181,16,181,15,181,15,181,15,180,15,179
1,2,178,10,24,178,24,177,24,176,24,175,24,174,24,174,24,175,24,176,24,177,24,178,24,179,24,180,24,181,24,181,24,180,24,179
1,2,177,10,44,177,44,176,44,175,44,174,44,174,45,174,46,174,47,174,48,174,49,174,50,174,51,174,52,174,53,174,54,174,54,175,53,176,53,177,53,177,52,177,52,178,52,179,51,180,51,181,51,181,50,181,49,181,48,181,47,181,46,181,45,181,44,181,43,181,42,181,41,181,41,181,42,181,43,181,44,181,44,180,44,179,44,178
1,2,177,10,78,177,78,176,78,175,79,174,79,173,79,173,80,173,81,173,82,173,83,173,84,173,85,173,85,174,85,175,85,175,84,175,84,176,84,176,83,176,83,177,84,178,85,179,85,180,84,180,83,180,82,180,81,180,80,180,79,180,78,180,77,180,76,180,76,180,77,180,77,179,77,178
1,2,177,10,107,177,108,176,108,175,108,175,109,175,109,174,109,174,110,174,110,173,110,173,111,173,112,173,113,173,114,173,115,173,116,173,117,173,118,173,119,174,119,175,119,176,119,177,119,178,119,178,118,178,118,179,118,179,117,179,117,180,117,180,116,180,115,180,114,180,113,180,112,180,111,180,110,180,109,180,108,180,107,180,107,179,107,178
1,2,176,10,184,176,184,175,184,174,184,173,184,173,185,173,185,172,185,171,185,171,185,172,186,173,187,173,188,173,189,173,190,173,191,173,192,173,193,173,194,173,195,173,195,173,194,174,193,175,192,175,191,175,191,176,191,176,190,176,189,176,188,176,187,176,186,176,185,176,184,176,184,177,184,178,184,179,184,180,184,180,184,179,184,178,184,177
1,2,175,10,254,176,255,175,255,174,255,173,256,173,257,173,258,173,259,173,260,173,261,174,262,174,262,173,262,173,263,174,263,175,263,176,263,177,262,178,261,179,261,180,261,181,261,181,261,180,260,180,260,180,260,179,259,178,258,178,258,179,258,180,257,180,256,180,255,180,254,180,253,180,253,179,253,178,253,177
1,2,176,10,266,176,266,175,266,174,266,173,266,173,267,173,268,173,269,173,270,173,271,173,272,173,273,173,274,173,275,173,276,173,277,173,277,173,276,174,275,174,274,174,274,175,274,175,273,175,272,176,271,176,270,176,269,176,268,176,268,176,268,175,267,175,266,176,266,177,266,178,266,179,266,180,266,180,266,179,266,178,266,177
1,2,176,10,317,176,317,175,317,174,317,173,317,173,318,173,318,173,318,174,318,175,318,176,318,177,318,178,318,178,317,178,317,179,317,180,317,180,317,179,317,178,317,177
1,2,176,10,354,176,354,175,354,174,354,173,354,173,355,173,356,173,357,173,358,173,359,173,360,173,361,173,362,173,363,173,364,173,364,173,363,173,363,174,363,174,362,174,362,175,362,175,361,175,360,175,359,175,359,176,359,176,358,175,357,175,356,175,355,175,354,176,354,177,354,178,354,179,354,180,354,180,354,179,354,178,354,177
1,2,176,10,431,176,431,175,431,175,432,175,432,174,432,174,433,174,433,173,433,173,434,173,434,172,434,172,435,172,436,172,437,172,438,172,439,172,440,172,441,172,442,172,442,173,442,174,443,175,443,176,442,177,442,178,442,179,441,179,440,179,439,179,438,179,437,179,436,179,435,179,434,179,433,179,432,179,431,179,430,179,430,180,430,181,430,181,430,180,430,179,431,178,431,177
1,2,175,10,515,175,515,175,515,176,516,176,517,176,518,176,518,176,518,177,519,177,519,177,519,178,519,179,518,179,517,179,516,179,515,179,514,179,513,179,512,179,511,179,510,179,509,179,508,179,508,179,509,179,509,178,509,178,510,178,510,177,510,177,511,177,511,176,511,176,512,176,513,176,514,176
1,2,175,10,533,175,533,174,533,173,533,172,533,172,534,172,534,172,534,173,534,174,534,175,534,176,534,177,534,177,533,177,533,178,533,179,533,179,533,178,533,177,533,176
1,2,175,10,544,175,545,174,546,173,547,172,548,172,549,172,550,172,551,172,552,172,553,172,554,172,555,172,555,172,555,173,556,173,556,173,556,174,556,175,556,176,556,176,555,176,555,177,555,177,554,177,554,178,554,179,553,179,552,179,551,179,550,179,549,179,548,179,547,179,546,179,545,179,544,179,544,179,544,178,544,177,544,176
1,2,175,10,623,175,623,174,623,173,623,172,623,171,624,171,625,171,626,171,627,171,628,171,629,171,630,171,631,171,632,171,633,171,634,171,634,171,633,171,633,172,633,172,632,172,632,173,632,173,631,173,630,174,629,174,628,174,627,174,626,174,625,174,624,174,623,175,623,176,623,177,623,178,623,178,623,177,623,176
1,2,174,10,693,174,694,174,695,174,695,173,695,172,695,171,695,171,695,172,695,173,696,173,697,172,697,171,697,171,698,171,698,171,698,172,699,172,700,171,701,171,702,171,702,171,702,172,702,173,702,174,702,175,701,176,700,177,700,178,700,178,699,178,699,179,699,179,699,178,699,177,698,176,697,176,697,177,697,178,696,179,696,180,696,180,696,179,696,178,695,178,694,179,694,180,694,180,694,179,694,178,693,178,693,178,693,177,693,176,693,175
1,2,174,10,705,174,705,173,705,172,705,171,705,171,706,171,707,171,708,171,709,171,710,171,711,171,712,171,713,171,714,171,715,171,716,171,716,171,715,172,714,172,713,172,713,173,713,173,712,173,711,173,710,173,710,174,710,174,709,173,708,173,707,173,706,173,706,174,706,175,706,176,706,177,706,178,706,178,705,178,705,178,705,177,705,176,705,175
1,2,174,10,756,174,756,173,756,172,756,171,756,171,757,171,757,171,757,172,757,173,757,174,757,175,757,176,757,177,757,178,757,178,756,178,756,178,756,177,756,176,756,175
1,2,174,10,793,174,793,173,793,172,793,171,793,170,794,170,795,170,796,170,797,170,798,170,799,170,800,170,801,170,802,170,803,170,804,170,805,170,805,170,804,171,803,172,802,172,801,172,801,173,801,173,800,173,799,173,798,173,797,173,796,173,795,173,794,173,794,174,794,175,794,176,794,177,793,177,793,176,793,175
1,2,173,10,870,173,871,172,871,171,871,171,872,171,873,170,874,170,875,170,876,170,877,170,878,170,879,170,880,170,881,170,881,170,881,171,882,171,882,171,882,172,882,173,882,174,882,174,881,174,881,175,881,175,880,175,880,176,880,177,879,177,878,177,877,177,876,177,875,177,874,177,873,177,872,177,871,177,870,177,870,177,870,176,870,175,870,174
1,2,173,10,953,173,954,173,955,173,956,172,956,172,956,173,957,173,958,172,958,172,958,173,959,173,960,173,961,174,961,175,961,176,961,176,960,176,959,176,958,176,957,176,956,176,955,176,954,176,953,176,952,176,951,176,950,176,950,176,951,175,952,174
1,2,172,10,979,172,979,171,979,170,979,169,979,169,980,169,980,169,980,170,980,171,980,172,980,173,980,174,980,175,980,176,980,176,979,176,979,176,979,175,979,174,979,173
1,4,186,10,13,187,13,186,13,186,14,186,14,185,14,184,14,183,14,183,15,183,16,182,16,181,16,181,16,182,16,183,16,184,16,185,16,185,15,185,15,186,15,187,15,188,15,189,15,190,15,190,14,190,13,190,13,189,13,188
1,4,187,10,24,187,24,186,23,185,23,185,24,185,24,184,24,183,24,183,24,184,24,185,24,186,24,187,24,188,24,189,24,190,24,190,24,189,24,188
1,4,186,10,38,186,39,185,40,184,40,183,40,183,41,183,42,183,43,183,44,183,45,183,46,183,47,183,48,183,48,183,47,183,47,184,47,185,47,186,47,187,47,188,48,188,48,188,48,189,49,190,50,190,51,190,52,190,53,190,54,190,54,190,53,190,52,190,51,190,50,190,49,190,48,190,47,190,46,190,45,190,44,190,43,190,42,190,41,190,40,190,39,190,38,190,37,190,36,190,35,190,35,190,36,190,36,189,36,189,37,189,37,188,37,187
1,4,186,10,73,186,73,185,73,184,74,183,75,183,76,183,77,183,78,183,78,182,78,182,79,183,80,183,81,183,82,183,83,183,84,183,85,183,85,184,85,185,86,185,86,185,86,186,86,187,86,188,86,189,86,190,86,190,85,190,84,190,83,190,82,190,81,190,80,190,79,190,79,190,79,189,79,188,79,187,78,186,77,186,76,186,75,186,74,186,73,186
1,4,186,10,107,186,107,185,107,184,107,183,107,183,108,183,108,183,108,184,108,185,108,186,108,187,107,188,107,189,108,189,108,189,108,190,108,190,107,190,107,190,107,189,107,188,107,187
1,4,187,10,132,189,132,188,132,188,133,188,133,187,133,186,133,185,133,185,134,185,134,184,134,184,135,184,135,183,135,183,136,183,137,183,138,183,139,183,140,183,141,183,142,183,143,183,144,183,144,183,144,184,144,185,144,186,144,187,143,188,143,189,143,190,142,190,141,190,140,190,139,190,138,190,137,190,136,190,135,189,134,189,133,190,132,191,132,191,132,190
1,4,185,10,184,186,184,185,184,184,184,183,184,182,185,181,185,181,185,182,185,183,185,184,185,185,185,186,185,187,184,188,184,189,184,189,184,188,184,187
1,4,186,10,210,186,210,185,210,185,211,185,211,184,211,184,212,184,212,183,212,182,213,182,214,182,215,182,216,182,217,182,218,182,219,182,220,182,221,182,221,183,221,184,222,184,222,184,222,185,222,185,221,185,221,186,221,187,220,188,220,189,220,189,219,189,218,189,217,189,216,189,215,189,214,189,213,189,212,189,211,189,210,190,210,190,210,189,210,188,210,187
1,4,186,10,255,186,255,185,255,184,255,183,255,182,256,182,256,183,256,184,256,185,256,186,256,186,255,186
1,4,186,10,266,186,266,185,266,184,266,183,266,182,266,182,266,183,266,184,266,185,266,186,266,187,266,188,266,189,266,189,266,188,266,187
1,4,185,10,291,185,292,184,293,183,294,182,295,182,296,182,297,182,298,182,299,182,300,182,301,182,302,182,303,182,303,183,303,184,303,185,303,186,303,187,302,188,302,189,302,189,301,189,300,189,299,189,298,189,297,189,296,189,295,189,294,189,293,189,292,189,291,189,291,189,291,188,291,187,291,186
1,4,185,10,317,185,317,184,317,183,317,182,317,182,317,183,317,184,318,184,318,184,318,185,318,186,318,187,318,187,317,187,317,188,318,189,318,189,317,189,317,189,317,188,317,187,317,186
1,4,185,10,354,185,354,184,354,183,354,182,354,182,354,183,354,184,354,185,354,186,354,187,354,188,354,189,354,189,354,188,354,187,354,186
1,4,185,10,380,185,380,184,380,184,381,184,381,183,381,183,382,183,382,182,382,182,383,182,384,182,385,182,386,182,387,182,388,182,389,182,390,182,391,182,391,182,391,183,391,184,391,185,391,186,390,187,389,188,389,189,389,189,388,189,387,189,386,189,385,189,384,189,383,189,382,189,381,189,380,189,379,189,379,188,379,187,379,186
1,4,186,10,430,187,431,186,431,185,431,184,431,183,431,182,431,182,431,183,431,184,431,185,431,186,431,187,431,188,431,189,431,189,430,189,430,190,430,191,430,191,430,190,430,189,430,188
1,4,185,10,457,185,457,184,457,184,458,184,458,183,458,183,459,183,459,182,459,181,460,181,461,181,462,181,463,181,464,181,465,181,466,181,467,181,468,181,468,182,468,183,468,184,468,185,468,186,467,187,466,188,465,188,464,188,463,188,462,188,461,188,460,188,459,188,458,188,457,188,457,187,457,186
1,4,185,10,486,185,487,185,488,185,489,185,490,185,491,185,492,185,492,185,492,186,493,186,493,186,493,187,494,187,494,187,494,188,494,188,493,188,493,189,493,189,492,188,491,188,490,188,489,188,488,189,488,189,488,188,487,188,486,188,485,188,485,189,485,189,484,188,483,188,482,189,482,189,483,188,483,187,483,187,484,187,484,186,484,186,485,186
1,4,185,10,508,185,508,184,508,183,508,182,508,181,509,181,510,181,511,181,512,181,513,181,514,181,515,181,516,181,517,181,518,181,519,181,519,181,518,181,518,182,518,182,517,182,517,183,517,183,516,183,516,184,516,184,515,184,514,184,513,184,512,184,511,184,511,185,511,185,510,184,509,184,508,185,508,186,508,187,508,188,508,188,508,187,508,186
1,4,185,10,533,185,533,184,533,183,533,182,533,181,533,181,533,182,534,183,534,184,534,185,534,186,533,187,533,188,533,188,533,187,533,186
1,4,184,10,544,184,544,183,544,182,544,181,544,181,545,181,545,181,544,182,544,183,545,183,545,183,545,184,545,185,545,186,545,187,545,188,545,188,544,188,544,188,544,187,544,186,544,185
1,4,184,10,572,184,572,183,572,183,573,183,573,182,573,182,574,182,574,181,574,181,575,181,576,181,577,181,578,181,579,181,580,181,581,181,582,181,583,181,583,181,583,182,583,183,583,184,583,185,583,186,583,186,582,186,582,187,582,188,581,188,580,188,579,188,578,188,577,188,576,188,575,188,574,188,573,188,572,188,572,188,572,187,572,186,572,185
1,4,184,10,623,184,623,183,623,182,623,181,623,181,623,182,623,183,623,184,623,185,623,186,623,187,623,188,623,188,623,187,623,186,623,185
1,4,184,10,650,184,651,183,651,182,651,182,652,182,652,181,652,181,653,181,654,181,655,181,656,181,657,181,658,181,659,181,660,181,661,181,661,181,661,182,662,182,662,182,662,183,662,184,661,185,661,186,661,186,660,186,660,187,660,188,659,188,658,188,657,188,656,188,655,188,654,188,653,188,652,187,651,187,650,188,650,188,650,187,650,186,650,185
1,4,183,10,695,183,695,182,695,181,695,180,695,180,695,181,695,182,695,183,695,184,695,184
1,4,182,10,705,183,705,182,705,181,705,180,705,180,706,180,706,179,706,178,706,178,706,179,706,180,706,181,706,181,705,181,705,182,705,183,705,184,705,185,705,186,705,187,705,187,705,186,705,185,705,184
1,4,183,10,731,183,732,182,733,181,734,180,735,180,736,180,737,180,738,180,739,180,740,180,741,180,742,180,742,180,742,181,743,181,743,181,743,182,743,183,743,184,743,184,742,184,742,185,742,185,741,185,741,186,741,187,740,187,739,187,738,187,737,187,736,187,735,187,734,187,733,187,732,187,731,187,731,187,731,186,731,185,731,184
1,4,183,10,756,183,756,182,756,181,757,180,757,180,757,181,757,182,757,183,757,184,757,185,757,186,757,187,757,187,756,187,756,187,757,186,757,185,756,185,756,185,756,184
1,4,183,10,793,183,793,182,793,181,793,180,793,180,794,180,794,180,794,181,794,182,794,183,794,184,794,185,794,185,793,185,793,186,794,187,794,187,793,187,793,187,793,186,793,185,793,184
1,4,183,10,819,183,819,182,819,182,820,182,820,181,820,181,821,181,821,180,821,180,822,180,822,179,822,179,823,179,824,179,825,179,826,179,827,179,828,179,829,179,830,179,830,180,830,181,831,182,831,183,830,184,829,185,829,186,829,186,828,186,827,186,826,186,825,186,824,186,823,186,822,186,821,186,820,186,819,186,819,185,819,184
1,4,182,10,870,182,870,181,870,180,870,179,870,179,870,180,870,181,870,182,870,183,870,184,870,185,870,186,870,186,870,185,870,184,870,183
1,4,182,10,896,182,896,181,896,181,897,181,897,180,897,180,898,180,898,179,898,179,899,179,900,179,901,179,902,179,903,179,904,179,905,179,906,179,907,179,907,179,907,180,907,181,907,182,907,183,906,184,905,185,905,186,905,186,904,186,903,186,902,186,901,186,900,186,899,186,898,186,897,186,896,186,895,186,895,185,895,184,895,183
1,4,182,10,925,182,926,182,927,182,928,182,929,182,930,182,931,182,931,182,931,183,932,183,932,183,932,184,932,185,932,186,932,186,931,186,931,186,931,185,930,185,929,186,928,186,927,186,926,186,925,186,924,186,923,186,922,186,921,186,921,186,921,185,921,185,922,185,922,184,922,184,923,184,923,183,923,183,924,183
1,4,182,10,950,182,950,181,950,180,950,179,950,178,951,178,952,178,953,178,954,178,955,178,956,178,957,178,958,178,959,178,960,178,961,178,961,178,960,178,960,179,960,179,959,179,959,180,959,180,958,180,958,181,958,181,957,181,956,181,955,181,954,181,953,181,953,182,953,182,952,181,951,181,950,182,950,183,950,184,950,185,950,185,950,184,950,183
1,4,181,10,979,181,979,180,979,180,980,180,980,179,979,178,979,178,980,178,980,178,980,179,980,180,980,181,980,182,980,183,980,184,980,185,980,185,980,184,980,183,979,183,979,183,979,182
1,6,196,10,13,196,13,195,13,194,13,193,13,192,14,192,15,192,16,191,16,190,16,190,16,191,16,192,17,193,17,194,17,195,17,196,17,197,17,198,17,199,17,199,17,198,17,197,16,197,15,198,15,199,15,199,14,199,14,199,14,198,13,197
1,6,196,10,24,196,24,195,24,194,24,193,24,192,24,192,24,193,24,194,24,195,24,196,24,197,24,198,24,199,24,199,24,198,24,197
1,6,196,10,34,196,34,195,34,194,35,193,35,192,35,192,36,192,37,192,38,192,39,192,40,192,41,192,42,192,43,192,44,192,45,192,46,192,47,192,48,192,49,192,50,192,51,192,52,192,53,192,54,192,54,192,54,193,55,193,55,193,55,194,56,194,56,194,56,195,57,196,57,197,57,198,57,199,56,199,55,199,54,199,53,199,52,199,51,199,50,199,49,199,48,199,47,199,47,199,48,198,48,197,47,197,46,197,45,197,45,198,45,199,44,199,43,199,42,199,41,199,40,199,39,199,38,199,37,199,36,199,35,199,35,199,35,198,34,197
1,6,195,10,78,195,78,194,78,194,79,194,79,193,79,192,80,192,81,192,82,192,83,192,84,192,85,192,86,192,86,192,85,192,85,193,85,194,84,194,83,194,83,195,83,196,83,197,84,197,84,197,84,198,84,199,83,199,82,199,81,199,80,199,79,199,78,199,77,199,76,199,75,199,74,199,74,199,75,199,76,199,76,198,76,198,77,198,77,197,77,196
1,6,195,10,107,195,107,194,107,193,107,192,107,192,108,192,108,192,108,193,108,194,108,195,108,196,108,197,108,197,107,197,107,198,107,199,107,199,107,198,107,197,107,196
1,6,195,10,133,195,133,194,133,193,133,192,133,192,133,193,133,194,133,195,133,196,133,197,133,198,133,199,133,199,133,198,133,197,133,196
1,6,196,10,158,198,159,197,159,196,159,195,159,194,159,194,160,194,160,193,160,193,161,193,161,192,161,192,162,192,163,192,164,192,165,192,166,192,167,192,168,192,169,192,170,192,170,192,170,193,170,194,170,195,170,196,169,197,169,198,169,199,168,199,167,199,166,199,165,199,164,199,163,199,162,199,161,199,160,199,159,199,158,200,158,201,158,201,158,200,158,199
1,6,195,10,184,195,184,194,184,193,184,192,184,192,185,192,185,192,185,193,185,194,185,195,185,196,185,197,185,198,185,199,185,199,184,199,184,199,184,198,184,197,184,196
1,6,194,10,209,193,210,192,210,192,210,193,210,194,210,195,210,196,210,197,210,198,210,199,210,199,210,198,210,197,209,197,209,197,209,196,209,195,209,194
1,6,195,10,235,195,236,194,237,193,238,192,239,192,240,192,241,192,242,192,243,192,244,192,245,192,246,192,247,192,247,193,247,194,247,195,247,196,247,196,246,196,246,197,246,198,246,199,246,199,245,199,244,199,243,199,242,199,241,199,240,199,239,199,239,199,239,198,238,198,237,198,236,198,236,199,236,199,235,199,235,199,235,198,235,197,235,196
1,6,195,10,266,195,266,194,266,193,266,192,266,191,266,191,266,192,266,193,266,194,266,195,266,196,266,197,266,198,266,198,266,197,266,196
1,6,195,10,291,195,291,194,291,193,291,192,291,191,292,191,292,192,292,193,292,194,292,195,292,196,292,197,292,198,291,198,291,197,291,196
1,6,194,10,317,195,317,194,317,193,317,192,317,191,318,191,318,192,318,193,318,194,318,195,318,196,317,197,317,198,317,198,317,197,317,196
1,6,194,10,328,195,329,194,329,193,329,193,330,193,330,192,330,192,331,192,331,191,331,191,332,191,333,191,334,191,335,191,336,191,337,191,338,191,339,191,340,192,340,193,340,194,340,195,340,196,340,196,339,196,339,197,339,197,338,197,338,198,338,198,337,198,336,198,335,198,334,198,333,198,332,198,331,198,330,198,329,198,328,198,328,197,328,196
1,6,194,10,354,194,354,193,354,192,354,191,354,191,354,192,354,193,354,194,354,195,354,196,354,197,354,198,354,198,354,197,354,196,354,195
1,6,194,10,379,194,379,193,379,192,379,191,379,191,380,191,380,191,380,192,380,193,380,194,380,195,380,196,380,197,380,198,380,198,379,198,379,198,379,197,379,196,379,195
1,6,194,10,405,194,406,193,407,192,408,191,409,191,410,191,411,191,412,191,413,191,414,191,415,191,416,191,417,191,417,192,417,193,417,194,417,195,417,195,416,195,416,196,416,196,415,196,415,197,415,198,414,198,413,198,412,198,411,198,410,198,409,198,408,198,407,198,406,198,405,198,405,198,405,197,405,196,405,195
1,6,194,10,430,194,430,193,430,193,431,193,431,192,430,191,430,191,431,191,431,191,431,192,431,193,431,194,431,195,431,196,431,197,431,198,432,198,432,198,431,198,430,198,430,198,431,197,431,196,430,196,430,196,430,195
1,6,193,10,456,193,456,192,456,191,456,190,456,189,456,189,456,190,457,191,457,192,457,193,457,194,457,195,457,196,457,197,457,198,457,198,457,197,456,196,456,195,456,194
1,6,194,10,482,194,482,193,482,192,482,191,482,191,483,191,484,191,485,191,486,191,487,191,488,191,489,191,490,191,491,191,492,191,493,191,493,191,492,192,491,193,490,193,489,193,488,194,487,194,486,194,485,194,484,193,483,193,483,194,483,195,483,196,483,197,483,198,483,198,482,198,482,198,482,197,482,196,482,195
1,6,193,10,507,192,508,191,508,191,508,192,508,193,508,194,508,195,508,196,508,197,508,198,508,198,508,197,508,196,507,196,507,196,507,195,507,194,507,193
1,6,194,10,533,194,533,193,533,192,533,191,533,191,534,192,534,193,534,194,534,195,534,196,534,197,533,198,533,198,533,197,533,196,533,195
1,6,194,10,544,194,544,193,544,192,544,191,544,190,545,190,545,190,544,190,544,191,545,192,545,193,545,194,545,195,545,196,545,197,544,197,544,196,544,195
1,6,194,10,572,194,572,193,572,192,572,191,572,190,572,190,572,191,572,192,572,193,572,194,572,195,572,196,572,197,572,197,572,196,572,195
1,6,193,10,598,193,598,192,598,192,599,192,599,191,599,191,600,191,600,190,600,190,601,190,602,190,603,190,604,190,605,190,606,190,607,190,608,190,609,191,609,192,609,193,609,194,609,195,609,195,608,195,608,196,608,197,607,197,606,197,605,197,604,197,603,197,602,197,601,197,600,197,599,197,598,197,597,197,597,196,597,195,597,194
1,6,193,10,623,193,623,192,623,191,623,190,623,190,623,191,623,192,623,193,623,194,623,195,623,196,623,197,623,197,623,196,623,195,623,194
1,6,193,10,650,193,650,192,650,191,650,190,650,190,651,191,651,192,651,193,651,194,651,195,651,196,651,197,651,197,650,197,650,197,650,196,650,195,650,194
1,6,193,10,676,193,676,192,676,192,677,192,677,191,677,191,678,191,678,190,678,190,679,190,680,190,681,190,682,190,683,190,684,190,685,190,686,190,687,190,687,190,687,191,688,191,688,191,688,192,688,193,687,194,687,195,687,195,686,195,686,196,686,197,685,197,684,197,683,197,682,197,681,197,680,197,679,197,678,196,677,196,676,197,676,197,676,196,676,195,676,194
1,6,193,10,705,193,705,192,705,191,705,190,705,189,705,189,705,190,706,190,706,190,706,191,706,192,706,193,706,194,706,195,706,196,706,197,706,197,705,196,705,195,705,194
1,6,193,10,731,193,731,192,731,191,731,190,731,189,731,189,731,190,731,191,731,192,731,193,731,194,731,195,731,196,731,196,731,195,731,194
1,6,193,10,756,193,756,192,756,191,756,190,756,189,757,189,757,190,757,191,757,192,757,193,757,194,757,195,757,196,756,196,756,196,757,196,757,195,757,194,757,193,756,193
1,6,192,10,768,193,768,192,768,191,769,190,770,190,771,190,771,189,771,189,772,189,773,189,774,189,775,189,776,189,777,189,778,189,779,189,779,190,779,191,779,192,779,193,779,194,778,195,778,196,778,196,777,196,776,196,775,196,774,196,773,196,772,196,771,196,770,196,769,196,768,196,768,195,768,194
1,6,192,10,793,192,793,191,793,190,793,189,793,189,794,189,794,189,794,190,794,191,794,192,794,193,794,194,794,195,794,196,794,196,793,196,793,196,793,195,793,194,793,193
1,6,192,10,819,192,819,191,819,190,819,189,819,189,819,190,819,191,819,192,819,193,819,194,819,195,819,196,819,196,819,195,819,194,819,193
1,6,192,10,845,192,845,191,845,191,846,191,846,190,846,190,847,190,847,189,847,189,848,189,848,188,848,188,849,188,850,188,851,188,852,188,853,188,854,188,855,188,855,188,855,189,856,189,856,189,856,190,856,191,856,192,856,193,855,194,854,195,853,195,852,195,851,195,850,195,849,195,848,195,847,195,846,195,845,195,844,195,844,195,844,194,844,193
1,6,191,10,870,191,870,190,870,189,870,188,870,188,870,189,870,190,870,191,870,192,870,193,870,194,870,195,870,195,870,194,870,193,870,192
1,6,191,10,895,191,895,190,895,189,895,188,895,188,896,188,896,188,896,189,896,190,896,191,896,192,896,193,896,194,896,195,896,195,895,195,895,195,895,194,895,193,895,192
1,6,191,10,921,191,921,190,921,189,921,188,921,188,922,188,923,188,924,188,925,188,926,188,927,188,928,188,929,188,930,188,931,188,932,188,932,188,931,189,930,189,929,189,929,190,929,190,928,190,927,191,926,191,925,191,924,191,923,191,922,191,921,191,921,192,921,193,921,194,921,195,921,195,921,194,921,193,921,192
1,6,190,10,949,189,950,188,950,188,950,189,950,190,950,191,950,192,950,193,950,194,950,195,950,195,950,194,950,193,949,192,949,191,949,190
1,6,191,10,979,191,979,190,979,189,980,188,980,188,980,189,980,190,980,191,980,192,980,193,980,194,980,195,980,195,979,194,979,193,979,192
1,8,205,10,14,206,14,205,14,204,14,203,14,202,15,202,16,202,17,202,18,203,18,204,18,205,18,206,18,207,18,208,18,209,18,209,17,209,16,209,15,209,14,209,14,208,14,207
1,8,205,10,24,205,24,204,24,203,24,202,24,202,24,203,24,204,24,205,24,206,24,207,24,208,24,209,24,209,24,208,24,207,24,206
1,8,205,10,37,205,37,204,37,203,37,202,36,202,36,202,37,202,38,202,39,202,40,202,41,202,42,202,43,202,44,202,45,202,46,202,47,202,48,202,49,202,50,202,51,202,52,202,53,202,54,202,55,202,56,202,57,202,57,203,56,204,56,205,56,206,55,206,54,206,54,207,54,208,54,209,54,209,53,209,52,209,51,209,50,209,49,209,48,209,47,209,46,209,45,209,44,209,43,209,42,209,41,209,41,209,41,208,40,207,39,206,38,206,38,206,38,205,37,205
1,8,205,10,74,205,74,204,73,204,72,204,72,203,73,202,74,201,75,201,76,201,77,201,78,201,79,201,80,201,81,201,82,201,83,201,84,201,84,201,84,202,85,203,86,203,86,203,86,204,86,205,85,206,85,207,86,207,86,207,86,208,86,208,85,208,84,208,83,208,82,208,81,208,80,208,79,208,79,208,79,207,79,206,79,205,78,205,77,205,76,205,75,205,74,205
1,8,205,10,107,205,107,204,107,203,107,202,107,201,107,201,107,202,108,203,108,204,108,205,108,206,107,207,107,208,107,208,107,207,107,206
1,8,205,10,133,205,133,204,133,203,133,202,133,201,133,201,133,202,133,203,133,204,133,205,133,206,133,207,133,208,133,208,133,207,133,206
1,8,204,10,158,204,158,203,158,203,159,203,159,202,158,201,158,201,159,201,159,201,159,202,159,203,159,204,159,205,159,206,159,207,159,208,159,208,158,208,158,208,158,207,158,206,159,205,159,204,158,204
1,8,204,10,184,204,184,203,184,202,184,201,184,201,185,201,185,201,185,202,185,203,185,204,185,205,185,206,185,207,185,208,185,208,184,208,184,208,184,207,184,206,184,205
1,8,204,10,209,204,209,203,209,202,209,201,209,201,210,201,210,201,210,202,210,203,210,204,210,205,210,206,210,207,210,208,210,208,210,207,210,206,209,205
1,8,204,10,235,204,235,203,235,202,235,201,235,201,236,201,236,201,236,202,236,203,236,204,236,205,236,206,236,207,236,208,236,208,235,208,235,208,235,207,235,206,235,205
1,8,204,10,266,204,266,203,266,202,266,201,266,201,266,202,266,203,266,204,266,205,266,206,266,207,266,208,266,208,266,207,266,206,266,205
1,8,204,10,291,204,291,203,291,202,291,201,291,201,292,201,292,201,292,202,292,203,292,204,292,205,292,206,292,207,292,208,292,208,291,208,291,208,291,207,291,206,291,205
1,8,204,10,317,204,317,203,317,202,317,201,317,201,318,202,318,203,318,204,318,205,318,206,318,206,317,206,317,207,317,208,317,208,317,207,317,206,317,205
1,8,204,10,328,204,328,203,328,202,328,201,328,201,329,201,329,201,329,202,329,203,329,204,329,205,328,206,328,207,329,207,329,207,329,208,329,208,328,208,328,208,328,207,328,206,328,205
1,8,204,10,354,204,354,203,354,202,354,201,354,200,354,200,354,201,354,202,354,203,354,204,354,205,354,206,354,207,354,207,354,206,354,205
1,8,204,10,379,204,379,203,379,202,380,201,380,200,379,200,379,200,380,200,380,201,380,202,380,203,380,204,380,205,380,206,380,207,379,207,379,206,379,205
1,8,204,10,405,204,405,203,405,202,405,201,405,200,406,200,406,201,406,202,406,203,406,204,406,205,406,206,406,207,405,207,405,206,405,205
1,8,204,10,430,204,430,203,430,202,430,201,430,200,431,200,432,200,432,200,432,201,432,201,431,201,431,202,431,203,431,204,431,205,431,206,431,207,431,207,431,206,430,205
1,8,203,10,456,202,456,201,456,200,456,199,456,198,456,198,456,199,457,200,457,201,457,202,457,203,457,204,457,205,457,206,457,207,457,207,457,206,457,205,457,204,457,203,457,202,456,202
1,8,203,10,482,203,482,202,482,201,482,200,482,200,483,200,483,200,483,201,483,202,483,203,483,204,483,205,483,205,482,205,482,206,483,207,483,207,482,207,482,207,482,206,482,205,482,204
1,8,203,10,507,203,507,202,507,201,508,200,508,200,508,201,508,202,508,203,508,204,508,205,508,206,508,207,508,207,507,207,507,207,508,206,508,205,507,205,507,205,507,204
1,8,203,10,533,203,533,202,533,201,533,200,533,200,534,200,534,200,534,201,534,202,534,203,534,204,534,205,534,205,533,205,533,206,533,207,533,207,533,206,533,205,533,204
1,8,203,10,544,203,544,202,544,201,544,200,544,200,545,200,545,200,545,201,545,202,545,203,545,204,545,205,545,205,544,205,544,206,544,207,544,207,544,206,544,205,544,204
1,8,203,10,572,203,572,202,572,201,572,200,572,200,572,201,572,202,572,203,572,204,572,205,572,206,572,207,572,207,572,206,572,205,572,204
1,8,203,10,597,203,597,202,597,201,597,200,597,199,598,199,598,200,598,201,598,202,598,203,598,204,598,205,598,206,597,206,597,205,597,204
1,8,203,10,623,203,623,202,623,201,623,200,623,199,623,199,623,200,623,201,623,202,623,203,623,204,623,205,623,206,623,206,623,205,623,204
1,8,202,10,650,202,650,201,650,200,650,199,650,199,651,200,651,201,651,202,651,203,651,204,651,204,650,204,650,205,650,206,650,206,650,205,650,204,650,203
1,8,202,10,676,202,676,201,676,200,676,199,676,199,676,200,676,201,676,202,676,203,676,204,676,205,676,206,676,206,676,205,676,204,676,203
1,8,202,10,705,202,705,201,705,200,705,199,705,199,705,200,705,201,705,202,705,203,705,204,705,205,706,205,706,205,706,206,706,207,706,208,706,208,706,207,706,206,705,206,705,206,705,205,705,204,705,203
1,8,202,10,731,202,731,201,731,200,731,199,731,199,731,200,731,201,731,202,731,203,731,204,731,205,731,206,731,206,731,205,731,204,731,203
1,8,202,10,756,202,756,201,756,200,756,199,756,199,757,199,757,199,757,200,757,201,757,202,757,203,757,204,757,205,757,206,757,206,756,206,756,206,756,205,756,204,756,203
1,8,202,10,767,202,767,201,767,200,768,199,768,199,768,200,768,201,768,202,768,203,768,204,768,205,768,206,768,206,767,205,767,204,767,203
1,8,202,10,793,202,793,201,793,200,793,199,793,198,794,198,794,199,794,200,794,201,794,202,794,203,794,204,794,205,793,205,793,204,793,203
1,8,202,10,819,202,819,201,819,200,819,199,819,198,819,198,819,199,819,200,819,201,819,202,819,203,819,204,819,205,819,205,819,204,819,203
1,8,202,10,844,202,844,201,844,200,844,199,844,198,845,198,845,199,845,200,845,201,845,202,845,203,845,204,845,205,844,205,844,204,844,203
1,8,201,10,870,201,870,200,870,199,870,198,870,197,870,197,870,198,870,199,870,200,870,201,870,202,870,203,870,204,870,204,870,203,870,202
1,8,201,10,895,201,895,200,895,199,895,198,895,197,896,197,896,198,896,199,896,200,896,201,896,202,896,203,896,204,895,204,895,203,895,202
1,8,201,10,921,201,921,200,921,199,921,198,921,197,921,197,921,198,921,199,921,200,921,201,921,202,921,203,921,204,921,204,921,203,921,202
1,8,200,10,949,200,949,199,949,198,949,197,949,197,950,197,950,197,950,198,950,199,950,200,950,201,950,202,950,203,950,204,950,204,950,203,950,202,949,202,949,202,949,201
1,8,200,10,979,200,979,199,979,198,980,197,980,197,980,198,980,199,980,200,980,201,980,202,980,203,980,204,980,204,980,203,980,202,979,202,979,202,979,201
