1	1	6	2	0 
1	1	33	4	1 
1	1	21	9	0 
1	1	29	9	0 
1	1	32	0	0 
1	1	33	11	0 
1	1	33	1	1 
1	1	10	3	0 
1	1	36	4	1 
1	1	30	11	0 
1	1	10	3	0 
1	1	29	11	0 
1	1	34	0	1 
1	1	4	3	0 
1	1	4	3	0 
1	1	4	3	0 
1	1	4	3	0 
1	1	4	3	0 
1	1	4	3	0 
1	1	4	3	0 
1	1	4	3	0 
1	1	4	3	0 
1	1	4	3	0 
1	1	35	2	1 
1	1	10	3	0 
1	1	37	1	1 
1	1	29	11	0 
1	1	9	2	0 
1	3	18	6	0 
1	3	9	1	0 
1	3	38	12	0 
1	3	38	9	0 
1	3	37	17	0 
1	3	28	9	0 
1	3	11	2	0 
1	3	29	9	0 
1	3	34	16	0 
1	3	8	2	0 
1	3	32	10	0 
1	3	11	2	0 
1	3	8	2	0 
1	3	29	10	0 
1	3	36	13	0 
1	3	32	11	0 
1	3	33	0	1 
1	3	11	3	0 
1	3	34	15	0 
1	3	29	10	0 
1	3	8	2	0 
1	3	27	10	0 
1	3	5	2	0 
1	3	16	5	0 
1	3	13	1	0 
1	3	15	3	0 
1	3	28	11	0 
1	3	15	3	0 
1	3	16	3	0 
1	3	30	11	0 
1	3	33	15	0 
1	3	29	10	0 
1	3	34	1	1 
1	3	15	3	0 
1	5	19	9	0 
1	5	8	2	0 
1	5	62	36	0 
1	5	29	7	0 
1	5	15	3	0 
1	5	35	16	0 
1	5	29	10	0 
1	5	15	3	0 
1	5	4	3	0 
1	5	4	3	0 
1	5	37	14	0 
1	5	27	9	0 
1	5	8	2	0 
1	5	36	13	0 
1	5	15	3	0 
1	5	30	11	0 
1	5	8	2	0 
1	5	35	15	0 
1	5	29	10	0 
1	5	14	2	0 
1	5	4	3	0 
1	5	4	3	0 
1	5	4	3	0 
1	5	4	3	0 
1	5	4	3	0 
1	5	4	3	0 
1	5	4	3	0 
1	5	33	14	0 
1	5	33	0	1 
1	5	10	1	0 
1	5	11	3	0 
1	5	15	3	0 
1	5	32	14	0 
1	5	28	11	0 
1	5	8	2	0 
1	5	34	14	0 
1	5	30	11	0 
1	5	10	2	0 
1	5	33	15	0 
1	5	15	3	0 
1	5	32	12	0 
1	5	15	3	0 
1	5	33	14	0 
1	5	29	12	0 
1	5	8	2	0 
1	5	35	15	0 
1	5	33	1	1 
1	5	10	1	0 
1	5	11	2	0 
1	7	22	7	0 
1	7	8	2	0 
1	7	58	37	0 
1	7	39	13	0 
1	7	11	2	0 
1	7	8	2	0 
1	7	34	11	0 
1	7	16	3	0 
1	7	16	3	0 
1	7	36	13	0 
1	7	8	2	0 
1	7	16	3	0 
1	7	11	3	0 
1	7	37	15	0 
1	7	8	2	0 
1	7	15	3	0 
1	7	34	13	0 
1	7	16	5	0 
1	7	15	3	0 
1	7	16	3	0 
1	7	15	3	0 
1	7	16	3	0 
1	7	16	3	0 
1	7	8	2	0 
1	7	37	13	0 
1	7	8	2	0 
1	7	15	3	0 
1	7	32	14	0 
1	7	9	2	0 
1	7	8	2	0 
1	7	14	1	0 
1	7	34	12	0 
1	7	16	3	0 
1	7	8	2	0 
1	7	36	16	0 
1	7	8	2	0 
1	7	16	3	0 
1	7	8	2	0 
1	7	16	3	0 
1	7	15	3	0 
1	9	22	7	0 
1	9	8	2	0 
1	9	44	30	0 
1	9	24	13	0 
1	9	11	3	0 
1	9	8	2	0 
1	9	15	3	0 
1	9	15	3	0 
1	9	9	1	0 
1	9	16	3	0 
1	9	9	1	0 
1	9	16	3	0 
1	9	15	3	0 
1	9	15	3	0 
1	9	8	2	0 
1	9	16	3	0 
1	9	16	3	0 
1	9	11	2	0 
1	9	10	1	0 
1	9	15	3	0 
1	9	15	2	0 
1	9	11	3	0 
1	9	11	3	0 
1	9	8	2	0 
1	9	15	3	0 
1	9	8	2	0 
1	9	11	3	0 
1	9	8	2	0 
1	9	14	2	0 
1	9	8	2	0 
1	9	16	3	0 
1	9	15	3	0 
1	9	16	3	0 
1	9	8	2	0 
1	9	16	3	0 
1	9	8	2	0 
1	9	16	3	0 
1	9	8	2	0 
1	9	11	2	0 
1	9	11	2	0 
1	2	17	4	0 
1	2	8	2	0 
1	2	36	15	0 
1	2	34	13	0 
1	2	37	2	1 
1	2	31	12	0 
1	2	37	12	0 
1	2	31	10	0 
1	2	14	3	0 
1	2	29	10	0 
1	2	38	8	1 
1	2	28	12	0 
1	2	14	3	0 
1	2	35	1	1 
1	2	27	8	0 
1	2	43	15	0 
1	2	36	10	0 
1	2	16	3	0 
1	2	35	9	0 
1	2	36	1	1 
1	2	28	9	0 
1	2	16	3	0 
1	4	23	7	0 
1	4	9	2	0 
1	4	43	20	0 
1	4	38	19	0 
1	4	15	3	0 
1	4	38	4	1 
1	4	15	1	0 
1	4	37	1	1 
1	4	8	3	0 
1	4	8	2	0 
1	4	34	5	1 
1	4	13	2	0 
1	4	8	2	0 
1	4	35	2	1 
1	4	13	1	0 
1	4	34	0	1 
1	4	30	9	0 
1	4	29	10	0 
1	4	12	2	0 
1	4	15	3	0 
1	4	36	1	1 
1	4	8	2	0 
1	4	36	1	1 
1	4	5	2	0 
1	4	12	1	0 
1	4	35	1	1 
1	4	14	2	0 
1	4	15	3	0 
1	4	35	1	1 
1	4	8	2	0 
1	4	35	2	1 
1	4	29	9	0 
1	4	29	10	0 
1	4	13	1	0 
1	6	25	8	0 
1	6	8	2	0 
1	6	57	33	0 
1	6	36	14	0 
1	6	14	3	0 
1	6	8	2	0 
1	6	38	4	1 
1	6	16	3	0 
1	6	13	2	0 
1	6	35	4	1 
1	6	8	2	0 
1	6	16	3	0 
1	6	14	2	0 
1	6	38	5	1 
1	6	8	2	0 
1	6	16	3	0 
1	6	35	2	1 
1	6	15	2	0 
1	6	16	2	0 
1	6	34	10	0 
1	6	13	2	0 
1	6	15	2	0 
1	6	15	2	0 
1	6	8	2	0 
1	6	36	4	1 
1	6	8	2	0 
1	6	15	2	0 
1	6	37	1	1 
1	6	16	3	0 
1	6	8	2	0 
1	6	14	3	0 
1	6	35	3	1 
1	6	16	3	0 
1	6	8	2	0 
1	6	35	2	1 
1	6	8	2	0 
1	6	16	3	0 
1	6	30	10	0 
1	6	13	2	0 
1	6	15	2	0 
1	8	21	7	0 
1	8	8	2	0 
1	8	52	34	0 
1	8	41	25	0 
1	8	12	2	0 
1	8	8	2	0 
1	8	14	2	0 
1	8	16	3	0 
1	8	13	3	0 
1	8	16	3	0 
1	8	8	2	0 
1	8	16	3	0 
1	8	14	2	0 
1	8	15	3	0 
1	8	8	2	0 
1	8	15	2	0 
1	8	16	3	0 
1	8	14	3	0 
1	8	12	2	0 
1	8	15	3	0 
1	8	14	2	0 
1	8	14	3	0 
1	8	14	3	0 
1	8	8	2	0 
1	8	16	3	0 
1	8	8	2	0 
1	8	13	2	0 
1	8	8	2	0 
1	8	12	2	0 
1	8	8	2	0 
1	8	16	3	0 
1	8	15	2	0 
1	8	16	3	0 
1	8	8	2	0 
1	8	16	3	0 
1	8	8	2	0 
1	8	16	3	0 
1	8	8	2	0 
1	8	14	3	0 
1	8	13	2	0 
